00000_00000_00004.ppm 30 32 5 7 25 27 0
00000_00000_00011.ppm 37 38 7 7 33 34 0
00000_00001_00013.ppm 36 36 5 7 31 32 0
00000_00001_00015.ppm 38 38 6 6 33 33 0
00000_00001_00029.ppm 59 61 5 6 54 56 0
00000_00002_00005.ppm 31 31 7 7 27 27 0
00000_00002_00019.ppm 51 50 8 5 48 45 0
00000_00002_00024.ppm 69 70 10 6 66 64 0
00000_00002_00027.ppm 92 95 13 10 89 88 0
00000_00003_00011.ppm 37 37 9 8 34 33 0
00000_00003_00024.ppm 64 61 6 5 60 56 0
00000_00004_00008.ppm 63 69 7 6 59 63 0
00000_00005_00009.ppm 34 33 7 7 30 29 0
00000_00005_00014.ppm 38 37 5 5 33 32 0
00000_00005_00015.ppm 42 39 6 5 36 34 0
00000_00005_00019.ppm 47 45 5 5 42 40 0
00000_00006_00003.ppm 36 39 6 6 32 34 0
00000_00006_00005.ppm 38 40 6 6 32 35 0
00000_00006_00010.ppm 42 45 5 7 37 41 0
00000_00006_00014.ppm 50 53 6 7 46 49 0
00001_00002_00017.ppm 54 56 6 6 48 50 1
00001_00006_00019.ppm 64 77 6 8 60 72 1
00001_00007_00002.ppm 52 52 5 7 47 48 1
00001_00010_00021.ppm 48 49 5 7 43 45 1
00001_00025_00010.ppm 34 31 7 5 29 26 1
00001_00027_00008.ppm 34 34 6 8 29 31 1
00001_00027_00027.ppm 76 81 7 8 71 75 1
00001_00029_00025.ppm 86 87 8 7 80 80 1
00001_00030_00006.ppm 33 41 6 7 29 37 1
00001_00039_00026.ppm 86 96 8 9 80 88 1
00001_00040_00013.ppm 44 47 5 7 39 43 1
00001_00044_00000.ppm 38 37 7 5 34 32 1
00001_00051_00004.ppm 33 34 5 5 28 29 1
00001_00051_00025.ppm 71 72 6 7 65 66 1
00001_00062_00011.ppm 38 38 6 6 32 32 1
00001_00066_00013.ppm 48 49 5 6 42 43 1
00001_00067_00014.ppm 46 46 6 7 40 41 1
00001_00068_00015.ppm 37 38 5 6 32 33 1
00001_00071_00004.ppm 37 38 5 7 32 34 1
00001_00073_00024.ppm 72 75 9 8 68 70 1
00002_00007_00021.ppm 52 51 5 5 47 46 2
00002_00012_00007.ppm 48 48 5 7 43 44 2
00002_00012_00010.ppm 52 51 5 5 47 46 2
00002_00013_00009.ppm 32 34 5 7 27 30 2
00002_00018_00011.ppm 34 34 7 9 30 31 2
00002_00020_00022.ppm 45 48 5 5 40 43 2
00002_00022_00006.ppm 30 30 5 5 25 25 2
00002_00025_00025.ppm 59 61 5 7 54 57 2
00002_00026_00025.ppm 62 62 6 7 57 58 2
00002_00027_00001.ppm 27 28 5 7 22 24 2
00002_00028_00014.ppm 40 40 6 6 35 35 2
00002_00030_00001.ppm 34 31 6 7 29 27 2
00002_00031_00013.ppm 37 39 7 8 32 35 2
00002_00044_00006.ppm 33 33 7 7 29 29 2
00002_00047_00018.ppm 35 35 8 6 32 30 2
00002_00052_00029.ppm 136 130 11 12 125 120 2
00002_00062_00024.ppm 70 75 6 7 64 70 2
00002_00063_00018.ppm 35 35 6 5 31 30 2
00002_00069_00001.ppm 26 27 5 5 21 22 2
00002_00069_00010.ppm 29 31 6 6 25 26 2
00003_00000_00018.ppm 41 42 6 6 37 38 3
00003_00001_00013.ppm 35 34 7 7 30 30 3
00003_00003_00010.ppm 37 37 8 5 34 32 3
00003_00015_00027.ppm 42 42 6 6 38 38 3
00003_00018_00016.ppm 47 47 7 5 44 42 3
00003_00019_00006.ppm 34 36 6 7 30 32 3
00003_00021_00012.ppm 35 38 6 6 31 33 3
00003_00021_00018.ppm 46 48 6 7 42 44 3
00003_00023_00025.ppm 74 75 9 6 71 69 3
00003_00027_00017.ppm 36 38 7 5 32 33 3
00003_00029_00000.ppm 27 25 7 8 23 23 3
00003_00031_00005.ppm 28 29 6 6 22 24 3
00003_00035_00028.ppm 76 75 8 7 71 70 3
00003_00037_00008.ppm 29 31 6 7 25 27 3
00003_00038_00010.ppm 31 32 7 6 28 27 3
00003_00040_00020.ppm 37 38 8 6 34 33 3
00003_00040_00027.ppm 43 45 6 7 39 41 3
00003_00042_00014.ppm 38 39 6 7 33 35 3
00003_00043_00006.ppm 30 30 8 5 27 25 3
00003_00044_00000.ppm 28 29 7 7 24 25 3
00004_00007_00001.ppm 29 30 7 6 25 25 4
00004_00008_00013.ppm 34 38 5 6 29 32 4
00004_00016_00012.ppm 35 37 7 5 31 32 4
00004_00019_00024.ppm 80 79 9 7 74 72 4
00004_00022_00007.ppm 33 34 7 7 29 30 4
00004_00023_00028.ppm 44 45 6 7 40 41 4
00004_00029_00024.ppm 62 62 7 7 58 58 4
00004_00033_00029.ppm 100 105 9 10 93 96 4
00004_00036_00006.ppm 34 34 6 6 29 29 4
00004_00037_00008.ppm 34 34 5 5 29 29 4
00004_00038_00019.ppm 46 46 6 7 41 42 4
00004_00038_00027.ppm 61 61 8 7 58 57 4
00004_00040_00014.ppm 36 37 5 6 31 32 4
00004_00043_00015.ppm 41 40 7 5 37 35 4
00004_00043_00025.ppm 72 71 7 6 66 65 4
00004_00046_00008.ppm 33 34 5 9 27 31 4
00004_00051_00026.ppm 76 76 7 7 71 71 4
00004_00053_00023.ppm 79 73 9 6 74 67 4
00004_00055_00009.ppm 37 32 7 6 33 28 4
00004_00057_00013.ppm 35 36 5 6 30 31 4
00005_00001_00012.ppm 32 32 7 6 27 27 5
00005_00002_00002.ppm 28 27 6 6 24 22 5
00005_00002_00018.ppm 37 37 7 6 33 33 5
00005_00016_00021.ppm 53 54 6 7 49 50 5
00005_00022_00014.ppm 41 40 8 5 38 35 5
00005_00022_00024.ppm 63 63 8 8 60 60 5
00005_00025_00016.ppm 34 34 6 5 30 29 5
00005_00027_00023.ppm 57 54 7 6 52 49 5
00005_00034_00012.ppm 34 36 6 6 29 31 5
00005_00034_00013.ppm 34 37 6 7 29 33 5
00005_00038_00028.ppm 71 74 9 7 67 69 5
00005_00040_00025.ppm 51 52 8 7 47 48 5
00005_00044_00007.ppm 35 37 5 6 30 32 5
00005_00048_00016.ppm 43 42 7 5 39 37 5
00005_00050_00000.ppm 30 29 6 5 25 24 5
00005_00052_00004.ppm 33 32 7 5 29 27 5
00005_00052_00006.ppm 32 33 5 7 27 29 5
00005_00053_00004.ppm 28 28 6 7 23 24 5
00005_00053_00026.ppm 57 57 5 7 52 53 5
00005_00054_00020.ppm 40 39 6 5 36 34 5
00006_00000_00018.ppm 48 49 7 7 44 45 6
00006_00001_00003.ppm 31 33 5 7 26 29 6
00006_00001_00006.ppm 34 35 5 5 29 30 6
00006_00002_00020.ppm 51 55 8 7 48 51 6
00006_00003_00002.ppm 29 31 5 9 24 29 6
00006_00004_00000.ppm 29 29 5 6 24 25 6
00006_00004_00003.ppm 31 32 7 6 27 27 6
00006_00004_00008.ppm 36 37 7 7 32 33 6
00006_00004_00010.ppm 36 37 6 7 31 33 6
00006_00005_00014.ppm 34 36 6 7 28 32 6
00006_00005_00019.ppm 37 41 6 6 33 36 6
00006_00006_00012.ppm 34 35 7 6 30 30 6
00006_00006_00015.ppm 39 40 7 6 35 35 6
00006_00006_00025.ppm 64 67 6 6 60 61 6
00006_00007_00007.ppm 28 30 7 6 24 24 6
00006_00007_00011.ppm 29 31 6 6 25 26 6
00006_00011_00012.ppm 37 37 7 7 33 33 6
00006_00011_00015.ppm 39 39 5 5 34 34 6
00006_00013_00007.ppm 31 31 5 6 26 27 6
00006_00013_00019.ppm 40 41 5 7 35 37 6
00007_00000_00010.ppm 33 34 7 6 29 29 7
00007_00003_00017.ppm 49 49 7 6 45 44 7
00007_00008_00023.ppm 54 55 8 6 51 51 7
00007_00009_00006.ppm 30 32 5 5 25 27 7
00007_00014_00002.ppm 36 37 5 7 31 33 7
00007_00014_00029.ppm 149 144 15 14 139 134 7
00007_00016_00013.ppm 44 44 6 5 40 39 7
00007_00017_00011.ppm 35 35 5 5 30 30 7
00007_00021_00015.ppm 39 39 6 6 34 34 7
00007_00026_00024.ppm 52 55 6 6 48 51 7
00007_00028_00009.ppm 33 34 6 5 29 29 7
00007_00028_00019.ppm 38 40 6 7 34 36 7
00007_00031_00013.ppm 33 33 6 6 28 28 7
00007_00031_00020.ppm 40 40 6 6 34 35 7
00007_00032_00020.ppm 56 58 6 6 50 53 7
00007_00032_00029.ppm 129 131 12 13 118 120 7
00007_00034_00007.ppm 32 35 5 5 27 30 7
00007_00038_00007.ppm 33 34 6 6 29 29 7
00007_00040_00004.ppm 28 29 7 7 24 25 7
00007_00040_00018.ppm 33 34 5 6 28 29 7
00008_00000_00027.ppm 53 56 7 5 49 51 8
00008_00007_00022.ppm 51 50 7 6 47 46 8
00008_00009_00017.ppm 40 40 6 5 36 35 8
00008_00010_00006.ppm 34 33 7 5 30 28 8
00008_00011_00012.ppm 40 40 6 6 35 35 8
00008_00012_00022.ppm 58 58 6 5 54 53 8
00008_00014_00027.ppm 72 76 6 8 66 71 8
00008_00016_00000.ppm 29 29 5 7 24 25 8
00008_00016_00024.ppm 48 51 5 7 43 47 8
00008_00018_00000.ppm 33 36 6 8 28 33 8
00008_00019_00010.ppm 40 41 5 7 35 37 8
00008_00019_00023.ppm 58 58 6 5 54 53 8
00008_00021_00007.ppm 29 29 7 8 26 26 8
00008_00021_00012.ppm 35 34 6 5 30 28 8
00008_00033_00024.ppm 47 49 5 5 42 44 8
00008_00035_00009.ppm 35 35 7 6 31 30 8
00008_00040_00013.ppm 35 35 6 5 31 30 8
00008_00041_00008.ppm 40 39 7 5 36 34 8
00008_00042_00023.ppm 48 48 5 5 43 43 8
00008_00044_00022.ppm 49 50 7 7 45 46 8
00009_00003_00003.ppm 29 29 7 9 25 27 9
00009_00004_00007.ppm 30 30 6 6 25 25 9
00009_00007_00025.ppm 73 72 7 6 66 66 9
00009_00008_00008.ppm 28 28 5 5 23 23 9
00009_00013_00001.ppm 30 32 5 6 25 27 9
00009_00017_00028.ppm 106 108 12 12 99 101 9
00009_00020_00007.ppm 30 31 6 7 25 27 9
00009_00023_00007.ppm 31 32 6 5 26 27 9
00009_00024_00003.ppm 31 33 7 6 27 28 9
00009_00024_00024.ppm 57 63 5 7 51 59 9
00009_00028_00013.ppm 52 52 6 5 48 47 9
00009_00031_00017.ppm 33 34 7 7 29 29 9
00009_00033_00009.ppm 35 33 6 7 30 29 9
00009_00037_00016.ppm 46 46 5 5 41 41 9
00009_00037_00028.ppm 125 132 13 12 117 121 9
00009_00039_00017.ppm 41 41 5 6 36 37 9
00009_00045_00002.ppm 31 35 7 6 28 30 9
00009_00045_00028.ppm 119 130 14 13 112 120 9
00009_00046_00009.ppm 50 47 6 6 46 42 9
00009_00048_00010.ppm 32 32 6 5 27 26 9
00010_00001_00016.ppm 42 39 8 6 40 34 10
00010_00004_00011.ppm 32 31 10 5 31 26 10
00010_00010_00003.ppm 33 33 8 6 30 28 10
00010_00016_00003.ppm 31 30 7 5 27 25 10
00010_00019_00011.ppm 40 40 8 7 37 36 10
00010_00019_00012.ppm 41 40 8 5 38 35 10
00010_00022_00000.ppm 33 35 9 6 31 30 10
00010_00027_00014.ppm 39 41 9 7 37 37 10
00010_00028_00022.ppm 48 48 8 6 45 43 10
00010_00035_00004.ppm 31 29 8 6 28 24 10
00010_00037_00028.ppm 71 61 7 6 66 56 10
00010_00049_00026.ppm 57 58 8 6 55 53 10
00010_00050_00021.ppm 44 44 9 6 42 39 10
00010_00053_00002.ppm 35 35 7 8 31 32 10
00010_00054_00005.ppm 34 34 6 5 30 29 10
00010_00059_00012.ppm 41 40 9 6 39 36 10
00010_00060_00026.ppm 52 47 8 5 49 42 10
00010_00061_00010.ppm 39 32 6 6 34 28 10
00010_00062_00020.ppm 43 44 9 6 41 39 10
00010_00065_00013.ppm 33 30 7 6 28 26 10
00011_00000_00015.ppm 42 39 7 5 38 34 11
00011_00000_00023.ppm 63 60 5 9 58 58 11
00011_00003_00024.ppm 98 87 14 8 95 80 11
00011_00004_00000.ppm 33 33 5 5 28 28 11
00011_00005_00005.ppm 47 42 6 6 42 38 11
00011_00007_00015.ppm 59 55 8 7 57 51 11
00011_00012_00010.ppm 46 44 5 7 41 41 11
00011_00013_00016.ppm 59 58 7 9 55 55 11
00011_00015_00017.ppm 39 39 5 7 33 35 11
00011_00021_00005.ppm 34 29 6 7 28 25 11
00011_00021_00020.ppm 52 46 7 8 48 43 11
00011_00024_00011.ppm 40 36 6 6 36 32 11
00011_00025_00028.ppm 118 105 12 14 110 101 11
00011_00026_00029.ppm 172 153 19 20 162 147 11
00011_00033_00003.ppm 35 34 6 6 30 29 11
00011_00033_00005.ppm 37 38 6 6 32 32 11
00011_00038_00012.ppm 60 56 9 7 59 52 11
00011_00039_00018.ppm 43 42 8 7 41 38 11
00011_00042_00002.ppm 32 31 6 7 27 28 11
00011_00043_00007.ppm 38 40 5 7 32 36 11
00012_00001_00012.ppm 38 38 5 5 33 33 12
00012_00007_00019.ppm 52 52 5 7 47 48 12
00012_00008_00021.ppm 60 61 6 6 55 57 12
00012_00009_00022.ppm 55 57 5 6 50 53 12
00012_00011_00002.ppm 37 40 7 7 33 35 12
00012_00012_00008.ppm 38 37 6 6 33 33 12
00012_00012_00022.ppm 70 70 6 7 64 65 12
00012_00015_00024.ppm 57 61 5 6 52 56 12
00012_00016_00017.ppm 40 39 7 5 37 34 12
00012_00022_00002.ppm 34 35 5 6 29 30 12
00012_00029_00002.ppm 40 40 8 6 38 34 12
00012_00033_00025.ppm 63 70 7 8 59 65 12
00012_00034_00005.ppm 57 56 7 5 53 51 12
00012_00037_00004.ppm 43 42 7 6 39 38 12
00012_00045_00011.ppm 54 54 7 7 50 50 12
00012_00047_00005.ppm 41 43 7 5 37 38 12
00012_00050_00006.ppm 32 34 5 7 27 30 12
00012_00057_00009.ppm 45 47 7 6 41 42 12
00012_00059_00013.ppm 38 38 6 6 33 33 12
00012_00067_00016.ppm 48 46 7 5 44 41 12
00013_00001_00001.ppm 26 30 5 7 21 26 13
00013_00003_00013.ppm 53 48 6 8 47 45 13
00013_00004_00023.ppm 70 60 7 5 64 54 13
00013_00014_00029.ppm 169 160 15 23 155 155 13
00013_00024_00007.ppm 41 39 8 8 39 36 13
00013_00028_00023.ppm 50 46 6 5 44 40 13
00013_00029_00001.ppm 30 31 5 7 25 27 13
00013_00037_00006.ppm 40 39 6 5 35 34 13
00013_00040_00022.ppm 69 59 10 7 66 55 13
00013_00040_00029.ppm 143 122 14 20 132 122 13
00013_00045_00002.ppm 75 74 7 6 69 68 13
00013_00055_00006.ppm 43 40 5 6 38 36 13
00013_00055_00019.ppm 58 53 6 7 53 50 13
00013_00059_00016.ppm 95 87 8 9 87 82 13
00013_00059_00018.ppm 96 87 11 7 90 80 13
00013_00061_00002.ppm 46 43 5 6 40 37 13
00013_00061_00010.ppm 60 57 9 7 58 52 13
00013_00063_00002.ppm 31 30 8 7 28 26 13
00013_00068_00020.ppm 105 83 13 9 99 77 13
00013_00070_00002.ppm 68 61 7 6 62 56 13
00014_00000_00004.ppm 50 48 6 5 46 43 14
00014_00001_00016.ppm 60 59 9 7 57 55 14
00014_00002_00010.ppm 40 41 6 7 36 37 14
00014_00003_00009.ppm 52 51 7 5 48 46 14
00014_00007_00008.ppm 42 41 8 7 39 37 14
00014_00009_00018.ppm 49 51 8 6 46 47 14
00014_00010_00021.ppm 95 107 11 12 90 100 14
00014_00011_00002.ppm 43 42 7 5 39 37 14
00014_00011_00018.ppm 58 56 6 5 52 51 14
00014_00012_00007.ppm 44 45 7 7 41 41 14
00014_00014_00012.ppm 59 70 8 8 56 65 14
00014_00015_00028.ppm 140 140 20 13 136 129 14
00014_00017_00026.ppm 93 94 11 9 87 87 14
00014_00018_00014.ppm 62 63 7 5 59 58 14
00014_00018_00026.ppm 120 123 15 13 115 115 14
00014_00020_00014.ppm 59 66 7 6 56 60 14
00014_00022_00006.ppm 40 41 6 5 34 36 14
00014_00024_00020.ppm 47 47 8 7 43 42 14
00014_00025_00018.ppm 45 46 8 6 42 41 14
00014_00025_00019.ppm 46 48 6 7 42 44 14
00015_00000_00009.ppm 46 47 7 6 41 42 15
00015_00002_00013.ppm 37 46 5 6 32 42 15
00015_00004_00001.ppm 29 30 5 6 24 26 15
00015_00004_00020.ppm 46 48 6 6 42 44 15
00015_00004_00021.ppm 49 51 5 7 44 47 15
00015_00005_00006.ppm 30 30 7 7 26 26 15
00015_00009_00023.ppm 63 63 7 8 59 60 15
00015_00010_00019.ppm 44 43 8 8 41 40 15
00015_00010_00022.ppm 53 52 10 7 52 48 15
00015_00010_00024.ppm 60 58 9 6 58 53 15
00015_00011_00006.ppm 44 52 9 8 43 50 15
00015_00012_00001.ppm 37 40 7 5 32 35 15
00015_00012_00004.ppm 38 42 6 6 33 38 15
00015_00012_00024.ppm 46 51 7 8 41 47 15
00015_00013_00002.ppm 32 33 6 6 26 28 15
00015_00014_00007.ppm 32 36 6 6 26 32 15
00015_00015_00014.ppm 37 44 6 7 33 40 15
00015_00017_00005.ppm 34 36 5 8 29 32 15
00015_00018_00028.ppm 120 142 11 14 110 132 15
00015_00020_00000.ppm 26 25 9 6 24 21 15
00016_00001_00013.ppm 52 55 7 5 49 50 16
00016_00002_00000.ppm 26 27 5 7 21 23 16
00016_00003_00001.ppm 33 33 7 5 29 28 16
00016_00003_00015.ppm 41 43 6 7 36 39 16
00016_00004_00029.ppm 112 111 13 10 107 103 16
00016_00005_00029.ppm 52 53 7 5 48 48 16
00016_00007_00000.ppm 27 26 8 6 23 22 16
00016_00007_00010.ppm 30 31 6 7 26 27 16
00016_00007_00027.ppm 52 51 8 6 49 47 16
00016_00008_00003.ppm 57 58 7 7 54 54 16
00016_00008_00019.ppm 82 82 10 10 77 77 16
00016_00009_00018.ppm 38 37 6 6 34 33 16
00016_00009_00023.ppm 42 46 7 5 39 41 16
00016_00010_00000.ppm 31 32 6 6 26 27 16
00016_00010_00010.ppm 38 37 7 5 33 32 16
00016_00010_00017.ppm 43 42 7 6 40 38 16
00016_00012_00008.ppm 30 31 5 7 25 27 16
00016_00012_00021.ppm 44 47 7 7 41 43 16
00016_00012_00022.ppm 45 48 7 7 42 44 16
00016_00013_00001.ppm 50 49 8 5 47 44 16
00017_00000_00016.ppm 28 31 5 5 22 26 17
00017_00001_00017.ppm 37 36 8 6 34 32 17
00017_00004_00002.ppm 41 44 6 6 35 38 17
00017_00004_00025.ppm 30 30 6 6 26 26 17
00017_00009_00014.ppm 37 41 5 8 32 39 17
00017_00011_00000.ppm 26 28 5 7 21 24 17
00017_00012_00013.ppm 30 28 5 5 25 23 17
00017_00012_00015.ppm 30 28 6 5 25 23 17
00017_00017_00025.ppm 70 73 9 7 66 68 17
00017_00019_00019.ppm 51 54 7 5 48 49 17
00017_00020_00006.ppm 33 31 8 5 30 26 17
00017_00022_00001.ppm 35 36 6 6 31 32 17
00017_00022_00003.ppm 36 37 6 7 31 33 17
00017_00022_00025.ppm 74 73 7 6 68 67 17
00017_00023_00007.ppm 31 31 7 5 27 26 17
00017_00026_00024.ppm 35 37 5 6 30 32 17
00017_00030_00011.ppm 49 51 7 7 45 47 17
00017_00032_00001.ppm 26 28 5 7 21 24 17
00017_00033_00006.ppm 28 29 7 5 24 24 17
00017_00036_00012.ppm 29 35 7 7 25 31 17
00018_00000_00025.ppm 31 28 7 6 27 24 18
00018_00001_00005.ppm 47 44 6 8 43 41 18
00018_00003_00026.ppm 113 103 10 14 104 99 18
00018_00004_00001.ppm 62 55 6 6 57 51 18
00018_00006_00013.ppm 54 49 6 7 50 45 18
00018_00006_00017.ppm 63 58 6 6 58 53 18
00018_00006_00024.ppm 84 76 8 12 78 75 18
00018_00008_00006.ppm 58 50 6 8 52 47 18
00018_00009_00005.ppm 32 30 6 8 27 26 18
00018_00015_00000.ppm 40 39 7 7 36 36 18
00018_00015_00002.ppm 41 42 5 7 36 38 18
00018_00016_00023.ppm 51 47 9 6 49 43 18
00018_00028_00010.ppm 44 45 6 7 40 41 18
00018_00029_00017.ppm 56 49 6 7 51 46 18
00018_00030_00000.ppm 27 26 5 8 22 23 18
00018_00034_00007.ppm 39 36 8 6 36 31 18
00018_00034_00012.ppm 43 38 8 9 40 36 18
00018_00037_00014.ppm 53 53 7 7 49 49 18
00018_00038_00007.ppm 46 45 6 8 41 43 18
00018_00039_00022.ppm 73 68 12 10 72 65 18
00019_00000_00000.ppm 65 57 6 7 60 53 19
00019_00000_00013.ppm 85 72 8 12 78 71 19
00019_00000_00016.ppm 94 81 9 13 86 79 19
00019_00000_00019.ppm 105 88 11 13 97 87 19
00019_00000_00020.ppm 107 94 10 14 99 91 19
00019_00000_00026.ppm 133 116 12 18 122 114 19
00019_00001_00014.ppm 45 41 9 7 43 37 19
00019_00001_00018.ppm 54 49 5 6 48 43 19
00019_00001_00020.ppm 58 54 7 8 55 51 19
00019_00001_00027.ppm 112 100 9 9 103 92 19
00019_00002_00001.ppm 44 39 8 6 41 35 19
00019_00002_00002.ppm 44 40 5 5 38 34 19
00019_00002_00016.ppm 64 56 6 7 59 52 19
00019_00002_00017.ppm 67 58 7 7 62 53 19
00019_00002_00019.ppm 73 61 8 6 68 56 19
00019_00003_00008.ppm 37 37 6 7 32 32 19
00019_00003_00009.ppm 39 37 6 5 33 31 19
00019_00004_00029.ppm 111 106 12 10 104 97 19
00019_00006_00015.ppm 51 47 7 10 48 47 19
00019_00006_00026.ppm 107 94 10 13 98 90 19
00020_00000_00012.ppm 38 34 6 6 33 29 20
00020_00001_00009.ppm 38 35 5 5 33 30 20
00020_00001_00029.ppm 69 58 6 9 63 57 20
00020_00002_00027.ppm 87 81 12 7 84 74 20
00020_00004_00014.ppm 37 37 7 6 33 32 20
00020_00004_00018.ppm 41 40 7 5 37 35 20
00020_00005_00026.ppm 55 51 7 6 51 47 20
00020_00006_00006.ppm 31 29 8 7 28 25 20
00020_00006_00021.ppm 52 46 7 7 49 42 20
00020_00008_00000.ppm 30 30 6 6 26 26 20
00020_00008_00021.ppm 44 44 6 8 40 42 20
00020_00008_00028.ppm 73 72 9 11 69 71 20
00020_00009_00000.ppm 36 36 5 8 31 34 20
00020_00009_00008.ppm 39 39 5 8 34 37 20
00020_00009_00027.ppm 57 57 7 6 53 52 20
00020_00010_00016.ppm 45 41 6 7 41 37 20
00020_00011_00012.ppm 37 34 6 7 31 30 20
00020_00011_00013.ppm 37 35 7 6 33 30 20
00020_00011_00014.ppm 39 36 6 7 33 32 20
00020_00011_00021.ppm 50 48 6 7 46 45 20
00021_00000_00001.ppm 34 35 5 7 29 31 21
00021_00000_00011.ppm 46 44 8 7 44 40 21
00021_00001_00008.ppm 38 36 6 7 34 32 21
00021_00002_00006.ppm 35 33 6 5 31 28 21
00021_00002_00017.ppm 46 42 8 6 43 37 21
00021_00002_00025.ppm 63 57 7 8 60 55 21
00021_00003_00000.ppm 30 32 6 7 26 28 21
00021_00003_00015.ppm 47 45 5 10 42 44 21
00021_00003_00025.ppm 99 87 17 9 99 81 21
00021_00004_00014.ppm 39 35 6 5 34 30 21
00021_00004_00016.ppm 41 37 7 5 37 32 21
00021_00004_00018.ppm 44 39 6 5 39 34 21
00021_00005_00002.ppm 33 30 8 6 30 26 21
00021_00005_00008.ppm 37 35 7 9 33 33 21
00021_00006_00016.ppm 46 42 7 5 42 37 21
00021_00006_00020.ppm 53 50 9 7 51 46 21
00021_00007_00000.ppm 35 33 8 5 32 28 21
00021_00007_00008.ppm 41 38 6 5 37 33 21
00021_00009_00007.ppm 40 38 6 6 35 34 21
00021_00009_00015.ppm 49 47 7 5 46 41 21
00022_00000_00018.ppm 57 53 5 7 52 49 22
00022_00000_00019.ppm 60 55 6 6 55 50 22
00022_00001_00021.ppm 53 45 6 5 48 40 22
00022_00003_00015.ppm 53 47 7 6 49 43 22
00022_00004_00020.ppm 48 46 8 7 45 43 22
00022_00005_00019.ppm 49 45 11 6 49 41 22
00022_00005_00027.ppm 64 63 7 7 61 59 22
00022_00006_00007.ppm 35 32 5 6 30 27 22
00022_00008_00009.ppm 33 32 7 6 28 26 22
00022_00008_00015.ppm 40 39 6 6 35 33 22
00022_00008_00025.ppm 84 78 8 8 76 72 22
00022_00009_00008.ppm 39 36 5 5 34 31 22
00022_00009_00018.ppm 55 49 5 6 50 45 22
00022_00009_00021.ppm 64 57 5 6 59 52 22
00022_00010_00014.ppm 37 37 5 5 32 32 22
00022_00010_00022.ppm 48 47 6 6 42 41 22
00022_00011_00018.ppm 51 48 6 5 46 43 22
00022_00012_00002.ppm 33 31 7 7 29 27 22
00022_00012_00013.ppm 43 42 5 6 38 37 22
00022_00012_00016.ppm 49 48 6 7 45 44 22
00023_00000_00021.ppm 53 52 6 6 48 46 23
00023_00000_00027.ppm 93 92 13 10 90 85 23
00023_00001_00002.ppm 68 63 9 7 64 59 23
00023_00002_00012.ppm 47 43 5 7 42 40 23
00023_00003_00010.ppm 61 55 7 6 58 50 23
00023_00003_00016.ppm 76 68 8 11 71 66 23
00023_00004_00011.ppm 37 34 6 7 33 31 23
00023_00006_00018.ppm 51 46 7 9 47 44 23
00023_00007_00020.ppm 56 50 5 8 51 48 23
00023_00008_00006.ppm 46 43 7 9 42 41 23
00023_00008_00019.ppm 75 70 6 9 69 67 23
00023_00009_00014.ppm 49 46 5 9 44 44 23
00023_00009_00021.ppm 60 56 5 9 55 54 23
00023_00010_00004.ppm 43 40 6 8 37 37 23
00023_00010_00018.ppm 63 58 6 6 58 54 23
00023_00013_00003.ppm 41 40 5 7 36 36 23
00023_00013_00008.ppm 46 44 6 9 42 42 23
00023_00013_00014.ppm 54 51 8 6 51 46 23
00023_00015_00000.ppm 39 36 6 6 35 32 23
00023_00016_00004.ppm 41 40 5 5 36 35 23
00024_00000_00009.ppm 33 30 7 6 30 26 24
00024_00000_00013.ppm 37 35 5 6 32 29 24
00024_00000_00022.ppm 64 61 5 6 59 55 24
00024_00001_00016.ppm 65 69 6 7 60 63 24
00024_00001_00019.ppm 68 69 9 13 64 69 24
00024_00002_00013.ppm 61 58 8 7 58 54 24
00024_00002_00017.ppm 64 59 6 5 59 54 24
00024_00002_00020.ppm 67 61 9 7 64 57 24
00024_00004_00004.ppm 33 31 5 6 27 25 24
00024_00004_00023.ppm 75 70 6 6 68 64 24
00024_00005_00024.ppm 57 54 8 8 54 51 24
00024_00006_00004.ppm 35 32 6 7 30 28 24
00024_00007_00020.ppm 71 61 11 7 70 58 24
00024_00007_00021.ppm 75 68 10 11 73 66 24
00024_00008_00000.ppm 34 37 5 5 29 32 24
00024_00008_00006.ppm 41 43 9 5 39 38 24
00024_00008_00018.ppm 50 52 8 7 47 49 24
00024_00008_00022.ppm 50 51 7 6 46 47 24
00024_00008_00024.ppm 49 50 6 6 45 46 24
00024_00008_00025.ppm 51 56 6 6 46 51 24
00025_00001_00015.ppm 98 86 9 11 91 83 25
00025_00002_00015.ppm 48 46 7 10 44 46 25
00025_00004_00027.ppm 72 63 7 8 66 60 25
00025_00005_00010.ppm 36 37 8 7 33 33 25
00025_00008_00011.ppm 94 87 12 12 88 84 25
00025_00010_00000.ppm 37 40 0 7 32 36 25
00025_00012_00023.ppm 95 89 13 12 92 85 25
00025_00015_00000.ppm 33 32 6 7 29 28 25
00025_00017_00024.ppm 86 78 9 12 79 76 25
00025_00019_00009.ppm 49 47 9 6 47 43 25
00025_00022_00025.ppm 124 116 16 13 119 108 25
00025_00027_00009.ppm 43 42 5 6 38 38 25
00025_00032_00014.ppm 36 34 6 5 30 28 25
00025_00035_00013.ppm 38 37 6 7 34 32 25
00025_00036_00029.ppm 73 67 6 6 67 61 25
00025_00038_00008.ppm 36 34 6 6 31 29 25
00025_00040_00007.ppm 37 35 6 8 33 33 25
00025_00041_00004.ppm 43 40 7 8 39 37 25
00025_00044_00008.ppm 41 38 6 5 36 33 25
00025_00048_00001.ppm 31 36 8 6 28 31 25
00026_00000_00024.ppm 87 79 9 14 81 79 26
00026_00000_00025.ppm 96 88 9 15 88 88 26
00026_00000_00029.ppm 208 191 18 31 191 189 26
00026_00005_00020.ppm 51 45 5 6 46 41 26
00026_00005_00026.ppm 63 56 8 6 61 52 26
00026_00005_00027.ppm 63 56 7 7 60 52 26
00026_00006_00003.ppm 33 30 7 8 29 27 26
00026_00006_00004.ppm 33 31 6 7 28 27 26
00026_00008_00012.ppm 42 39 6 7 38 35 26
00026_00009_00001.ppm 31 27 7 6 27 23 26
00026_00009_00016.ppm 43 41 9 7 41 36 26
00026_00009_00026.ppm 81 73 7 7 74 67 26
00026_00010_00013.ppm 39 36 7 7 35 33 26
00026_00011_00012.ppm 54 52 8 7 51 48 26
00026_00012_00006.ppm 33 29 9 5 31 24 26
00026_00012_00015.ppm 43 39 6 5 38 33 26
00026_00018_00021.ppm 55 50 9 5 54 45 26
00026_00019_00022.ppm 54 49 9 10 51 47 26
00026_00019_00026.ppm 70 60 10 10 66 60 26
00026_00019_00027.ppm 76 69 8 9 71 64 26
00027_00000_00021.ppm 95 89 10 10 88 84 27
00027_00000_00027.ppm 147 135 16 24 139 136 27
00027_00001_00006.ppm 39 37 5 6 34 33 27
00027_00001_00009.ppm 42 41 5 6 37 36 27
00027_00001_00013.ppm 49 46 7 5 45 41 27
00027_00002_00004.ppm 36 33 6 7 31 29 27
00027_00002_00007.ppm 38 34 6 6 33 30 27
00027_00003_00008.ppm 44 45 6 6 38 39 27
00027_00003_00009.ppm 44 46 7 6 41 40 27
00027_00003_00013.ppm 48 49 5 6 43 43 27
00027_00004_00007.ppm 43 42 5 6 38 37 27
00027_00004_00013.ppm 47 45 5 5 42 40 27
00027_00004_00020.ppm 57 56 5 6 52 51 27
00027_00004_00021.ppm 61 58 6 11 56 58 27
00027_00005_00017.ppm 42 40 6 8 38 36 27
00027_00006_00013.ppm 48 44 5 5 43 39 27
00027_00006_00021.ppm 55 53 5 6 50 48 27
00027_00006_00024.ppm 58 57 6 6 54 53 27
00027_00007_00001.ppm 32 30 6 5 28 25 27
00027_00007_00005.ppm 35 33 8 6 32 27 27
00028_00000_00022.ppm 49 46 10 7 47 42 28
00028_00002_00016.ppm 62 58 6 5 57 53 28
00028_00003_00003.ppm 38 33 7 6 34 29 28
00028_00004_00013.ppm 42 40 6 6 38 36 28
00028_00006_00001.ppm 41 37 7 6 37 33 28
00028_00006_00019.ppm 63 57 6 9 58 55 28
00028_00007_00003.ppm 58 51 6 5 54 46 28
00028_00007_00012.ppm 68 59 6 7 62 54 28
00028_00009_00001.ppm 37 35 6 6 33 30 28
00028_00009_00011.ppm 45 43 8 7 43 40 28
00028_00009_00029.ppm 108 94 20 10 109 87 28
00028_00010_00005.ppm 47 41 8 6 44 37 28
00028_00010_00007.ppm 50 44 6 6 46 40 28
00028_00011_00005.ppm 39 36 7 7 35 33 28
00028_00012_00005.ppm 31 31 6 8 27 27 28
00028_00013_00009.ppm 51 51 6 6 45 45 28
00028_00014_00010.ppm 45 43 10 6 43 37 28
00028_00014_00014.ppm 50 48 9 6 48 42 28
00028_00014_00017.ppm 55 51 8 9 52 49 28
00028_00017_00010.ppm 43 41 7 7 39 37 28
00029_00000_00015.ppm 39 58 7 7 35 53 29
00029_00000_00023.ppm 54 96 6 12 49 91 29
00029_00000_00027.ppm 65 134 8 14 62 125 29
00029_00000_00029.ppm 67 182 10 15 65 167 29
00029_00001_00001.ppm 37 34 7 6 33 29 29
00029_00002_00018.ppm 54 49 5 8 49 46 29
00029_00002_00023.ppm 65 58 7 6 61 54 29
00029_00003_00002.ppm 45 38 7 7 41 33 29
00029_00004_00004.ppm 38 38 5 6 33 34 29
00029_00004_00019.ppm 55 52 8 5 52 46 29
00029_00005_00000.ppm 32 30 5 7 27 26 29
00029_00005_00015.ppm 48 43 5 5 43 38 29
00029_00007_00009.ppm 40 42 7 7 37 38 29
00029_00007_00022.ppm 63 66 6 7 59 61 29
00029_00007_00024.ppm 71 73 12 9 70 69 29
00029_00007_00029.ppm 107 107 11 11 98 99 29
00029_00008_00006.ppm 44 41 7 7 40 37 29
00029_00008_00008.ppm 47 43 6 7 41 39 29
00029_00008_00012.ppm 52 48 5 7 47 44 29
00029_00008_00025.ppm 106 95 20 9 107 86 29
00030_00000_00012.ppm 46 37 6 7 41 34 30
00030_00001_00016.ppm 43 39 6 6 39 35 30
00030_00001_00017.ppm 44 39 6 7 39 36 30
00030_00001_00024.ppm 50 44 6 7 45 41 30
00030_00002_00000.ppm 37 34 7 6 33 29 30
00030_00003_00006.ppm 47 41 6 9 42 39 30
00030_00004_00017.ppm 62 56 8 6 60 52 30
00030_00004_00027.ppm 132 113 11 10 121 104 30
00030_00006_00001.ppm 27 27 6 6 22 22 30
00030_00007_00000.ppm 36 36 5 6 31 32 30
00030_00008_00020.ppm 50 45 8 6 48 40 30
00030_00008_00025.ppm 72 61 9 5 68 56 30
00030_00009_00003.ppm 43 42 7 6 39 38 30
00030_00009_00025.ppm 120 105 13 15 113 101 30
00030_00011_00010.ppm 38 37 6 8 32 34 30
00030_00013_00010.ppm 37 33 7 7 34 29 30
00030_00013_00020.ppm 46 41 5 5 41 36 30
00030_00013_00024.ppm 53 49 5 6 48 44 30
00030_00014_00004.ppm 32 30 6 6 27 26 30
00030_00014_00008.ppm 35 30 7 7 31 27 30
00031_00000_00006.ppm 45 41 7 6 42 36 31
00031_00000_00007.ppm 48 41 8 6 45 36 31
00031_00003_00009.ppm 46 41 7 7 42 38 31
00031_00003_00017.ppm 52 49 8 7 49 45 31
00031_00009_00018.ppm 57 54 6 7 52 49 31
00031_00010_00020.ppm 46 44 5 6 40 38 31
00031_00011_00015.ppm 43 43 9 10 41 43 31
00031_00011_00023.ppm 48 50 10 11 48 50 31
00031_00012_00002.ppm 33 32 7 6 30 27 31
00031_00013_00025.ppm 69 64 10 5 67 59 31
00031_00014_00016.ppm 58 54 7 8 54 51 31
00031_00015_00009.ppm 47 45 7 6 44 40 31
00031_00016_00020.ppm 57 54 7 9 53 52 31
00031_00019_00005.ppm 42 43 6 6 38 38 31
00031_00019_00012.ppm 53 49 9 7 51 45 31
00031_00019_00029.ppm 95 87 9 8 88 80 31
00031_00024_00009.ppm 36 34 10 7 35 30 31
00031_00025_00006.ppm 41 39 8 7 38 35 31
00031_00025_00018.ppm 58 53 9 6 57 48 31
00031_00025_00023.ppm 80 71 10 13 76 72 31
00032_00000_00007.ppm 30 30 6 5 25 25 32
00032_00000_00010.ppm 31 31 8 6 29 27 32
00032_00000_00011.ppm 32 33 5 7 27 29 32
00032_00000_00023.ppm 58 56 6 9 53 54 32
00032_00001_00015.ppm 35 35 6 8 31 32 32
00032_00001_00018.ppm 38 36 6 5 33 31 32
00032_00001_00029.ppm 61 58 7 6 57 54 32
00032_00002_00017.ppm 43 42 5 5 38 37 32
00032_00003_00015.ppm 35 37 5 5 30 32 32
00032_00004_00004.ppm 27 29 5 5 22 24 32
00032_00004_00007.ppm 29 32 5 7 24 28 32
00032_00004_00020.ppm 48 47 6 6 43 43 32
00032_00005_00003.ppm 29 29 6 7 23 25 32
00032_00005_00011.ppm 30 33 5 7 25 29 32
00032_00005_00018.ppm 33 34 7 5 29 29 32
00032_00005_00026.ppm 38 41 7 5 34 35 32
00032_00006_00000.ppm 27 27 5 5 22 22 32
00032_00006_00003.ppm 29 30 5 6 24 25 32
00032_00006_00014.ppm 35 35 6 6 31 31 32
00032_00006_00027.ppm 65 64 8 5 62 59 32
00033_00002_00018.ppm 52 51 6 10 47 50 33
00033_00002_00020.ppm 57 55 9 9 55 54 33
00033_00003_00025.ppm 71 76 11 11 70 75 33
00033_00004_00005.ppm 30 31 6 8 26 28 33
00033_00004_00006.ppm 31 31 7 6 27 27 33
00033_00006_00009.ppm 32 34 5 5 27 28 33
00033_00006_00024.ppm 85 86 12 12 82 84 33
00033_00007_00016.ppm 71 74 9 9 68 70 33
00033_00011_00029.ppm 104 98 12 13 98 95 33
00033_00012_00018.ppm 40 40 5 7 35 36 33
00033_00014_00009.ppm 38 38 8 9 35 37 33
00033_00014_00023.ppm 43 45 6 11 38 45 33
00033_00015_00028.ppm 54 75 7 8 50 69 33
00033_00016_00003.ppm 38 40 6 7 33 37 33
00033_00016_00004.ppm 37 39 7 7 34 35 33
00033_00017_00016.ppm 40 53 6 10 35 52 33
00033_00019_00007.ppm 32 33 6 7 27 29 33
00033_00020_00015.ppm 44 44 6 6 40 40 33
00033_00021_00015.ppm 42 45 9 7 39 40 33
00033_00022_00029.ppm 59 58 11 5 60 53 33
00034_00000_00005.ppm 29 36 9 8 27 34 34
00034_00000_00026.ppm 69 81 14 14 70 80 34
00034_00001_00006.ppm 31 31 7 7 28 27 34
00034_00002_00028.ppm 80 85 8 14 73 84 34
00034_00003_00010.ppm 56 58 7 7 52 54 34
00034_00003_00022.ppm 88 96 10 15 83 94 34
00034_00003_00028.ppm 130 140 12 23 118 139 34
00034_00004_00001.ppm 51 51 7 10 47 50 34
00034_00004_00004.ppm 54 54 6 8 48 50 34
00034_00005_00029.ppm 62 69 7 8 57 65 34
00034_00006_00012.ppm 29 32 6 8 25 30 34
00034_00006_00022.ppm 35 38 5 6 30 34 34
00034_00008_00001.ppm 28 29 8 7 26 26 34
00034_00009_00006.ppm 33 33 6 6 29 29 34
00034_00009_00019.ppm 47 48 5 5 42 43 34
00034_00010_00008.ppm 33 39 6 7 27 34 34
00034_00010_00015.ppm 39 44 5 9 34 43 34
00034_00010_00021.ppm 44 53 7 10 40 52 34
00034_00011_00019.ppm 64 65 5 10 59 64 34
00034_00012_00020.ppm 37 38 8 9 34 36 34
00035_00005_00019.ppm 37 38 6 5 33 32 35
00035_00009_00008.ppm 31 31 7 5 26 25 35
00035_00013_00012.ppm 37 37 6 7 31 32 35
00035_00013_00013.ppm 37 38 5 8 31 34 35
00035_00014_00003.ppm 31 31 5 6 26 27 35
00035_00017_00025.ppm 95 94 8 15 86 91 35
00035_00018_00026.ppm 54 55 6 8 49 52 35
00035_00019_00018.ppm 38 38 6 5 33 33 35
00035_00020_00012.ppm 39 39 7 6 35 34 35
00035_00023_00003.ppm 30 31 6 6 26 26 35
00035_00024_00012.ppm 36 38 5 5 31 33 35
00035_00027_00022.ppm 43 44 7 6 39 39 35
00035_00029_00016.ppm 47 50 10 8 47 46 35
00035_00029_00018.ppm 49 51 7 7 46 48 35
00035_00032_00026.ppm 57 58 6 5 52 53 35
00035_00034_00014.ppm 38 40 6 7 33 36 35
00035_00034_00022.ppm 39 44 8 6 36 40 35
00035_00037_00015.ppm 43 49 5 5 38 44 35
00035_00038_00014.ppm 35 36 7 5 31 30 35
00035_00039_00000.ppm 28 29 5 7 23 25 35
00036_00001_00015.ppm 40 41 8 7 37 37 36
00036_00003_00011.ppm 33 34 8 7 31 30 36
00036_00004_00001.ppm 28 29 7 5 24 24 36
00036_00004_00025.ppm 47 49 7 8 42 46 36
00036_00005_00012.ppm 39 39 10 8 38 36 36
00036_00005_00021.ppm 52 52 7 6 49 48 36
00036_00006_00011.ppm 36 36 6 6 32 32 36
00036_00006_00013.ppm 38 37 6 7 33 34 36
00036_00007_00002.ppm 31 31 6 5 27 26 36
00036_00007_00020.ppm 34 36 6 6 30 32 36
00036_00007_00025.ppm 39 40 8 7 36 36 36
00036_00008_00000.ppm 26 25 6 5 22 20 36
00036_00008_00011.ppm 35 33 7 5 30 28 36
00036_00008_00021.ppm 50 49 7 6 46 45 36
00036_00009_00016.ppm 36 37 6 7 31 33 36
00036_00010_00004.ppm 30 32 7 6 27 28 36
00036_00010_00021.ppm 45 46 8 7 41 41 36
00036_00011_00003.ppm 31 31 6 7 27 28 36
00036_00011_00022.ppm 56 57 9 7 55 53 36
00036_00012_00022.ppm 65 68 7 9 61 64 36
00037_00000_00020.ppm 46 46 7 8 42 43 37
00037_00000_00024.ppm 50 49 5 7 44 45 37
00037_00000_00028.ppm 55 54 7 6 52 50 37
00037_00001_00009.ppm 37 37 6 8 31 33 37
00037_00002_00002.ppm 28 27 9 6 26 23 37
00037_00002_00003.ppm 27 27 7 7 24 24 37
00037_00002_00004.ppm 29 28 6 6 24 24 37
00037_00002_00010.ppm 38 38 9 8 37 35 37
00037_00002_00025.ppm 109 107 15 15 106 104 37
00037_00002_00026.ppm 117 116 16 17 113 112 37
00037_00003_00025.ppm 58 57 10 10 58 57 37
00037_00003_00029.ppm 80 75 13 14 78 76 37
00037_00004_00018.ppm 41 41 9 7 38 37 37
00037_00005_00010.ppm 49 49 6 6 44 45 37
00037_00005_00015.ppm 61 61 7 8 57 58 37
00037_00005_00018.ppm 68 70 7 9 63 66 37
00037_00005_00025.ppm 93 95 11 12 88 90 37
00037_00006_00003.ppm 42 43 7 6 38 38 37
00037_00006_00004.ppm 42 43 5 5 37 38 37
00037_00006_00020.ppm 64 69 7 6 60 63 37
00038_00003_00028.ppm 69 71 8 11 64 69 38
00038_00007_00018.ppm 49 48 6 5 44 43 38
00038_00008_00021.ppm 35 35 6 7 31 32 38
00038_00009_00006.ppm 38 34 7 7 34 31 38
00038_00011_00012.ppm 49 49 6 5 44 44 38
00038_00012_00000.ppm 27 26 6 6 21 21 38
00038_00017_00013.ppm 40 40 7 8 36 37 38
00038_00018_00023.ppm 55 57 7 9 51 56 38
00038_00019_00016.ppm 38 38 6 6 34 34 38
00038_00022_00016.ppm 38 38 7 5 34 33 38
00038_00026_00000.ppm 27 26 8 5 24 21 38
00038_00027_00026.ppm 35 38 6 6 31 33 38
00038_00030_00014.ppm 31 34 7 5 28 29 38
00038_00033_00016.ppm 35 42 5 6 30 37 38
00038_00035_00027.ppm 75 79 6 7 69 72 38
00038_00040_00008.ppm 47 52 6 6 42 47 38
00038_00043_00019.ppm 46 54 9 10 44 54 38
00038_00046_00025.ppm 55 53 7 7 51 50 38
00038_00049_00013.ppm 33 34 6 6 29 30 38
00038_00067_00014.ppm 41 41 9 5 39 36 38
00039_00001_00007.ppm 30 31 8 7 27 27 39
00039_00001_00011.ppm 31 34 7 7 28 30 39
00039_00001_00026.ppm 52 54 10 6 52 49 39
00039_00002_00021.ppm 69 76 9 10 65 72 39
00039_00002_00028.ppm 108 110 16 9 105 101 39
00039_00003_00016.ppm 42 42 6 6 37 37 39
00039_00004_00028.ppm 119 121 11 16 110 116 39
00039_00005_00001.ppm 32 33 6 7 27 28 39
00039_00005_00003.ppm 34 34 7 7 30 30 39
00039_00005_00025.ppm 70 71 9 8 67 67 39
00039_00005_00027.ppm 81 84 9 9 76 78 39
00039_00006_00008.ppm 31 31 9 7 29 27 39
00039_00006_00009.ppm 31 31 5 6 26 26 39
00039_00006_00019.ppm 35 35 9 5 34 29 39
00039_00007_00002.ppm 54 57 7 6 51 52 39
00039_00007_00029.ppm 103 110 18 11 103 102 39
00039_00008_00002.ppm 34 33 7 6 29 29 39
00039_00008_00007.ppm 35 34 7 6 31 30 39
00039_00009_00010.ppm 31 34 7 7 28 30 39
00039_00009_00012.ppm 32 34 5 5 27 29 39
00040_00000_00001.ppm 34 34 6 6 29 30 40
00040_00000_00011.ppm 45 42 5 6 40 37 40
00040_00002_00002.ppm 34 33 6 5 29 28 40
00040_00002_00009.ppm 38 36 6 6 32 32 40
00040_00003_00008.ppm 43 43 6 5 38 38 40
00040_00003_00027.ppm 98 98 8 12 90 92 40
00040_00005_00016.ppm 76 75 8 10 71 72 40
00040_00005_00021.ppm 88 85 11 15 84 86 40
00040_00007_00027.ppm 80 87 9 8 75 80 40
00040_00008_00004.ppm 30 33 7 5 26 28 40
00040_00008_00006.ppm 34 39 7 7 30 34 40
00040_00008_00008.ppm 38 38 7 7 34 34 40
00040_00008_00014.ppm 53 55 6 5 49 50 40
00040_00009_00016.ppm 41 40 7 6 36 35 40
00040_00009_00023.ppm 60 61 6 8 55 57 40
00040_00009_00025.ppm 71 71 6 7 65 65 40
00040_00010_00003.ppm 32 35 5 5 27 30 40
00040_00010_00018.ppm 52 54 8 6 49 49 40
00040_00010_00022.ppm 62 63 8 5 59 58 40
00040_00010_00023.ppm 64 68 6 6 60 62 40
00041_00000_00021.ppm 50 52 5 5 45 47 41
00041_00001_00015.ppm 33 37 5 6 28 32 41
00041_00001_00025.ppm 58 59 7 6 54 55 41
00041_00001_00027.ppm 68 71 7 8 62 66 41
00041_00002_00009.ppm 37 37 7 5 33 32 41
00041_00002_00025.ppm 80 87 8 9 74 81 41
00041_00003_00015.ppm 49 50 7 8 45 47 41
00041_00003_00026.ppm 62 62 5 6 57 58 41
00041_00004_00008.ppm 32 30 6 5 26 25 41
00041_00004_00009.ppm 32 31 6 6 27 27 41
00041_00005_00014.ppm 33 36 6 6 29 31 41
00041_00005_00019.ppm 40 41 6 6 35 35 41
00041_00005_00020.ppm 40 41 5 6 35 36 41
00041_00005_00022.ppm 45 46 6 7 40 41 41
00041_00006_00015.ppm 39 38 7 9 34 36 41
00041_00006_00021.ppm 54 52 7 7 49 49 41
00041_00007_00004.ppm 35 35 7 8 30 31 41
00041_00007_00009.ppm 36 36 6 5 32 31 41
00041_00007_00020.ppm 48 48 7 6 44 43 41
00041_00007_00022.ppm 52 52 6 7 47 48 41
00042_00000_00008.ppm 34 34 7 6 31 30 42
00042_00001_00002.ppm 29 29 6 6 25 25 42
00042_00001_00016.ppm 40 40 7 5 37 35 42
00042_00002_00014.ppm 34 35 7 8 31 32 42
00042_00002_00016.ppm 37 37 9 6 35 32 42
00042_00003_00004.ppm 29 28 7 7 26 24 42
00042_00003_00027.ppm 63 67 12 7 64 62 42
00042_00004_00013.ppm 39 40 8 6 37 35 42
00042_00004_00015.ppm 41 41 7 6 38 37 42
00042_00004_00024.ppm 60 59 9 6 59 55 42
00042_00005_00002.ppm 27 27 6 6 22 22 42
00042_00005_00003.ppm 27 26 7 5 24 21 42
00042_00005_00015.ppm 34 31 8 6 31 27 42
00042_00005_00021.ppm 40 38 8 6 38 33 42
00042_00005_00029.ppm 62 59 10 6 60 55 42
00042_00006_00005.ppm 30 31 5 6 25 26 42
00042_00006_00022.ppm 44 44 7 6 41 40 42
00042_00006_00029.ppm 59 62 7 6 56 58 42
00042_00007_00012.ppm 32 34 6 6 28 29 42
00042_00007_00021.ppm 44 46 7 5 41 41 42
