1 m 1 7
1 m 1 20
2 m 2 7
2 m 2 20
3 m 3 7
3 m 3 20
4 m 4 7
4 m 4 20
5 m 5 7
5 m 5 20
6 m 6 7
6 m 6 20
7 m 7 7
7 m 7 20
8 m 8 7
8 m 8 20
9 m 9 7
9 m 9 20
10 m 10 7
10 m 10 20
12 m 12 7
12 m 12 20
13 m 13 7
13 m 13 20
14 m 14 7
14 m 14 20
15 m 15 7
15 m 15 20
16 m 16 7
16 m 16 20
17 m 17 7
17 m 17 20
18 m 18 7
18 m 18 20
19 m 19 7
19 m 19 20
20 m 20 7
20 m 20 20
21 m 21 7
21 m 21 20
22 m 22 7
22 m 22 20
23 m 23 7
23 m 23 20
25 m 25 7
25 m 25 20
26 m 26 7
26 m 26 20
27 m 27 7
27 m 27 20
30 m 30 7
30 m 30 20
31 m 31 7
31 m 31 20
32 m 32 7
32 m 32 20
33 m 33 7
33 m 33 20
34 m 34 7
34 m 34 20
36 m 36 7
36 m 36 20
37 m 37 7
37 m 37 20
38 m 38 7
38 m 38 20
39 m 39 7
39 m 39 20
40 m 40 7
40 m 40 20
41 m 41 7
41 m 41 20
42 m 42 7
42 m 42 20
43 m 43 7
43 m 43 20
44 m 44 7
44 m 44 20
45 m 45 7
45 m 45 20
46 m 46 7
46 m 46 20
47 m 47 7
47 m 47 20
48 m 48 7
48 m 48 20
49 m 49 7
49 m 49 20
51 m 51 7
51 m 51 20
52 m 52 7
52 m 52 20
53 m 53 7
53 m 53 20
54 m 54 7
54 m 54 20
55 m 55 7
55 m 55 20
56 m 56 7
56 m 56 20
58 m 58 7
58 m 58 20
59 m 59 7
59 m 59 20
60 m 60 7
60 m 60 20
61 m 61 7
61 m 61 20
65 m 65 7
65 m 65 20
66 m 66 7
66 m 66 20
67 m 67 7
67 m 67 20
69 m 69 7
69 m 69 20
70 m 70 7
70 m 70 20
71 m 71 7
71 m 71 20
72 m 72 7
72 m 72 20
73 m 73 7
73 m 73 20
74 m 74 7
74 m 74 20
75 m 75 7
75 m 75 20
76 m 76 7
76 m 76 20
78 w 2 7
78 w 2 20
79 w 3 7
79 w 3 20
80 w 4 7
80 w 4 20
81 w 5 7
81 w 5 20
83 w 7 7
83 w 7 20
84 w 8 7
84 w 8 20
85 w 9 7
85 w 9 20
87 w 11 7
87 w 11 20
88 w 12 7
88 w 12 20
89 w 13 7
89 w 13 20
90 w 14 7
90 w 14 20
91 w 15 7
91 w 15 20
92 w 16 7
92 w 16 20
93 w 17 7
93 w 17 20
94 w 18 7
94 w 18 20
95 w 19 7
95 w 19 20
96 w 20 7
96 w 20 20
97 w 21 7
97 w 21 20
98 w 22 7
98 w 22 20
99 w 23 7
99 w 23 20
100 w 24 7
100 w 24 20
101 w 25 7
101 w 25 20
102 w 26 7
102 w 26 20
104 w 28 7
104 w 28 20
105 w 29 7
105 w 29 20
106 w 30 7
106 w 30 20
107 w 31 7
107 w 31 20
108 w 32 7
108 w 32 20
109 w 33 7
109 w 33 20
110 w 34 7
110 w 34 20
111 w 35 7
111 w 35 20
112 w 36 7
112 w 36 20
113 w 37 7
113 w 37 20
114 w 38 7
114 w 38 20
115 w 39 7
115 w 39 20
116 w 40 7
116 w 40 20
117 w 41 7
117 w 41 20
118 w 42 7
118 w 42 20
119 w 43 7
119 w 43 20
120 w 44 7
120 w 44 20
121 w 45 7
121 w 45 20
122 w 46 7
122 w 46 20
124 w 48 7
124 w 48 20
126 w 50 7
126 w 50 20
127 w 51 7
127 w 51 20
128 w 52 7
128 w 52 20
129 w 53 7
129 w 53 20
130 w 54 7
130 w 54 20
131 w 55 7
131 w 55 20
133 w 57 7
133 w 57 20
134 w 58 7
134 w 58 20
135 w 59 7
135 w 59 20
136 w 60 7
136 w 60 20
