1 m 1 8
1 m 1 21
2 m 2 8
2 m 2 21
3 m 3 8
3 m 3 21
4 m 4 8
4 m 4 21
5 m 5 8
5 m 5 21
6 m 6 8
6 m 6 21
7 m 7 8
7 m 7 21
8 m 8 8
8 m 8 21
9 m 9 8
9 m 9 21
10 m 10 8
10 m 10 21
12 m 12 8
12 m 12 21
13 m 13 8
13 m 13 21
14 m 14 8
14 m 14 21
15 m 15 8
15 m 15 21
16 m 16 8
16 m 16 21
17 m 17 8
17 m 17 21
18 m 18 8
18 m 18 21
19 m 19 8
19 m 19 21
20 m 20 8
20 m 20 21
21 m 21 8
21 m 21 21
22 m 22 8
22 m 22 21
23 m 23 8
23 m 23 21
25 m 25 8
25 m 25 21
26 m 26 8
26 m 26 21
27 m 27 8
27 m 27 21
30 m 30 8
30 m 30 21
31 m 31 8
31 m 31 21
32 m 32 8
32 m 32 21
33 m 33 8
33 m 33 21
34 m 34 8
34 m 34 21
36 m 36 8
36 m 36 21
37 m 37 8
37 m 37 21
38 m 38 8
38 m 38 21
39 m 39 8
39 m 39 21
40 m 40 8
40 m 40 21
41 m 41 8
41 m 41 21
42 m 42 8
42 m 42 21
43 m 43 8
43 m 43 21
44 m 44 8
44 m 44 21
45 m 45 8
45 m 45 21
46 m 46 8
46 m 46 21
47 m 47 8
47 m 47 21
48 m 48 8
48 m 48 21
49 m 49 8
49 m 49 21
51 m 51 8
51 m 51 21
52 m 52 8
52 m 52 21
53 m 53 8
53 m 53 21
54 m 54 8
54 m 54 21
55 m 55 8
55 m 55 21
56 m 56 8
56 m 56 21
58 m 58 8
58 m 58 21
59 m 59 8
59 m 59 21
60 m 60 8
60 m 60 21
61 m 61 8
61 m 61 21
65 m 65 8
65 m 65 21
66 m 66 8
66 m 66 21
67 m 67 8
67 m 67 21
69 m 69 8
69 m 69 21
70 m 70 8
70 m 70 21
71 m 71 8
71 m 71 21
72 m 72 8
72 m 72 21
73 m 73 8
73 m 73 21
74 m 74 8
74 m 74 21
75 m 75 8
75 m 75 21
76 m 76 8
76 m 76 21
78 w 2 8
78 w 2 21
79 w 3 8
79 w 3 21
80 w 4 8
80 w 4 21
81 w 5 8
81 w 5 21
83 w 7 8
83 w 7 21
84 w 8 8
84 w 8 21
85 w 9 8
85 w 9 21
87 w 11 8
87 w 11 21
88 w 12 8
88 w 12 21
89 w 13 8
89 w 13 21
90 w 14 8
90 w 14 21
91 w 15 8
91 w 15 21
92 w 16 8
92 w 16 21
93 w 17 8
93 w 17 21
94 w 18 8
94 w 18 21
95 w 19 8
95 w 19 21
96 w 20 8
96 w 20 21
97 w 21 8
97 w 21 21
98 w 22 8
98 w 22 21
99 w 23 8
99 w 23 21
100 w 24 8
100 w 24 21
101 w 25 8
101 w 25 21
102 w 26 8
102 w 26 21
104 w 28 8
104 w 28 21
105 w 29 8
105 w 29 21
106 w 30 8
106 w 30 21
107 w 31 8
107 w 31 21
108 w 32 8
108 w 32 21
109 w 33 8
109 w 33 21
110 w 34 8
110 w 34 21
111 w 35 8
111 w 35 21
112 w 36 8
112 w 36 21
113 w 37 8
113 w 37 21
114 w 38 8
114 w 38 21
115 w 39 8
115 w 39 21
116 w 40 8
116 w 40 21
117 w 41 8
117 w 41 21
118 w 42 8
118 w 42 21
119 w 43 8
119 w 43 21
120 w 44 8
120 w 44 21
121 w 45 8
121 w 45 21
122 w 46 8
122 w 46 21
124 w 48 8
124 w 48 21
126 w 50 8
126 w 50 21
127 w 51 8
127 w 51 21
128 w 52 8
128 w 52 21
129 w 53 8
129 w 53 21
130 w 54 8
130 w 54 21
131 w 55 8
131 w 55 21
133 w 57 8
133 w 57 21
134 w 58 8
134 w 58 21
135 w 59 8
135 w 59 21
136 w 60 8
136 w 60 21
