1 m 1 11
1 m 1 24
2 m 2 11
2 m 2 24
3 m 3 11
3 m 3 24
4 m 4 11
4 m 4 24
5 m 5 11
5 m 5 24
6 m 6 11
6 m 6 24
7 m 7 11
7 m 7 24
8 m 8 11
8 m 8 24
9 m 9 11
9 m 9 24
10 m 10 11
10 m 10 24
12 m 12 11
12 m 12 24
13 m 13 11
13 m 13 24
14 m 14 11
14 m 14 24
15 m 15 11
15 m 15 24
16 m 16 11
16 m 16 24
17 m 17 11
17 m 17 24
18 m 18 11
18 m 18 24
19 m 19 11
19 m 19 24
20 m 20 11
20 m 20 24
21 m 21 11
21 m 21 24
22 m 22 11
22 m 22 24
23 m 23 11
23 m 23 24
25 m 25 11
25 m 25 24
26 m 26 11
26 m 26 24
27 m 27 11
27 m 27 24
30 m 30 11
30 m 30 24
31 m 31 11
31 m 31 24
32 m 32 11
32 m 32 24
33 m 33 11
33 m 33 24
34 m 34 11
34 m 34 24
36 m 36 11
36 m 36 24
37 m 37 11
37 m 37 24
38 m 38 11
38 m 38 24
39 m 39 11
39 m 39 24
40 m 40 11
40 m 40 24
41 m 41 11
41 m 41 24
42 m 42 11
42 m 42 24
43 m 43 11
43 m 43 24
44 m 44 11
44 m 44 24
45 m 45 11
45 m 45 24
46 m 46 11
46 m 46 24
47 m 47 11
47 m 47 24
48 m 48 11
48 m 48 24
49 m 49 11
49 m 49 24
51 m 51 11
51 m 51 24
52 m 52 11
52 m 52 24
53 m 53 11
53 m 53 24
54 m 54 11
54 m 54 24
55 m 55 11
55 m 55 24
56 m 56 11
56 m 56 24
58 m 58 11
58 m 58 24
59 m 59 11
59 m 59 24
60 m 60 11
60 m 60 24
61 m 61 11
61 m 61 24
65 m 65 11
65 m 65 24
66 m 66 11
66 m 66 24
67 m 67 11
67 m 67 24
69 m 69 11
69 m 69 24
70 m 70 11
70 m 70 24
71 m 71 11
71 m 71 24
72 m 72 11
72 m 72 24
73 m 73 11
73 m 73 24
74 m 74 11
74 m 74 24
75 m 75 11
75 m 75 24
76 m 76 11
76 m 76 24
78 w 2 11
78 w 2 24
79 w 3 11
79 w 3 24
80 w 4 11
80 w 4 24
81 w 5 11
81 w 5 24
83 w 7 11
83 w 7 24
84 w 8 11
84 w 8 24
85 w 9 11
85 w 9 24
87 w 11 11
87 w 11 24
88 w 12 11
88 w 12 24
89 w 13 11
89 w 13 24
90 w 14 11
90 w 14 24
91 w 15 11
91 w 15 24
92 w 16 11
92 w 16 24
93 w 17 11
93 w 17 24
94 w 18 11
94 w 18 24
95 w 19 11
95 w 19 24
96 w 20 11
96 w 20 24
97 w 21 11
97 w 21 24
98 w 22 11
98 w 22 24
99 w 23 11
99 w 23 24
100 w 24 11
100 w 24 24
101 w 25 11
101 w 25 24
102 w 26 11
102 w 26 24
104 w 28 11
104 w 28 24
105 w 29 11
105 w 29 24
106 w 30 11
106 w 30 24
107 w 31 11
107 w 31 24
108 w 32 11
108 w 32 24
109 w 33 11
109 w 33 24
110 w 34 11
110 w 34 24
111 w 35 11
111 w 35 24
112 w 36 11
112 w 36 24
113 w 37 11
113 w 37 24
114 w 38 11
114 w 38 24
115 w 39 11
115 w 39 24
116 w 40 11
116 w 40 24
117 w 41 11
117 w 41 24
118 w 42 11
118 w 42 24
119 w 43 11
119 w 43 24
120 w 44 11
120 w 44 24
121 w 45 11
121 w 45 24
122 w 46 11
122 w 46 24
124 w 48 11
124 w 48 24
126 w 50 11
126 w 50 24
127 w 51 11
127 w 51 24
128 w 52 11
128 w 52 24
129 w 53 11
129 w 53 24
130 w 54 11
130 w 54 24
131 w 55 11
131 w 55 24
133 w 57 11
133 w 57 24
134 w 58 11
134 w 58 24
135 w 59 11
135 w 59 24
136 w 60 11
136 w 60 24
