1   m 1  11
2   m 2  11
3   m 3  11
4   m 4  11
5   m 5  11
6   m 6  11
7   m 7  11
8   m 8  11
9   m 9  11
10  m 10 11
11  m 11 11
12  m 12 11
13  m 13 11
14  m 14 11
15  m 15 11
16  m 16 11
17  m 17 11
18  m 18 11
19  m 19 11
20  m 20 11
21  m 21 11
22  m 22 11
23  m 23 11
24  m 24 11
25  m 25 11
26  m 26 11
27  m 27 11
28  m 28 11
29  m 29 11
30  m 30 11
31  m 31 11
32  m 32 11
33  m 33 11
34  m 34 11
35  m 35 11
36  m 36 11
37  m 37 11
38  m 38 11
39  m 39 11
40  m 40 11
41  m 41 11
42  m 42 11
43  m 43 11
44  m 44 11
45  m 45 11
46  m 46 11
47  m 47 11
48  m 48 11
49  m 49 11
50  m 50 11
51  m 51 11
52  m 52 11
53  m 53 11
54  m 54 11
55  m 55 11
56  m 56 11
57  m 57 11
58  m 58 11
59  m 59 11
60  m 60 11
61  m 61 11
62  m 62 11
63  m 63 11
64  m 64 11
65  m 65 11
66  m 66 11
67  m 67 11
68  m 68 11
69  m 69 11
70  m 70 11
71  m 71 11
72  m 72 11
73  m 73 11
74  m 74 11
75  m 75 11
76  m 76 11
77  w 1  11
78  w 2  11
79  w 3  11
80  w 4  11
81  w 5  11
82  w 7  11
83  w 8  11
84  w 9  11
85  w 10 11
86  w 11 11
87  w 12 11
88  w 13 11
89  w 14 11
90  w 15 11
91  w 16 11
92  w 17 11
93  w 18 11
94  w 19 11
95  w 20 11
96  w 21 11
97  w 22 11
98  w 23 11
99  w 24 11
100 w 25 11
101 w 26 11
102 w 27 11
103 w 28 11
104 w 29 11
105 w 30 11
106 w 31 11
107 w 32 11
108 w 33 11
109 w 34 11
110 w 35 11
111 w 36 11
112 w 37 11
113 w 38 11
114 w 39 11
115 w 40 11
116 w 41 11
117 w 42 11
118 w 43 11
119 w 44 11
120 w 45 11
121 w 46 11
122 w 47 11
123 w 48 11
124 w 49 11
125 w 50 11
126 w 51 11
127 w 52 11
128 w 53 11
129 w 54 11
130 w 55 11
131 w 56 11
132 w 57 11
133 w 58 11
134 w 59 11
135 w 60 11
