00259.ppm;1206;334;1242;370
00264.ppm;509;468;532;491
00264.ppm;964;413;987;436
00265.ppm;804;459;827;482
00268.ppm;892;399;915;422
00270.ppm;250;343;286;379
00271.ppm;260;371;296;407
00271.ppm;1092;343;1128;379
00274.ppm;975;394;1011;430
00280.ppm;1056;396;1079;419
00281.ppm;983;390;1019;426
00284.ppm;995;347;1052;404
00287.ppm;1115;373;1151;409
00288.ppm;412;457;435;480
00288.ppm;982;439;1005;462
00289.ppm;276;393;333;450
00290.ppm;1292;394;1328;430
00291.ppm;1129;386;1165;422
00292.ppm;318;452;341;475
00292.ppm;983;426;1006;449
00293.ppm;1148;372;1188;412
00296.ppm;463;413;489;439
00296.ppm;1239;391;1262;414
00309.ppm;1159;353;1199;393
00309.ppm;182;393;218;429
00311.ppm;621;430;644;453
00311.ppm;1295;393;1327;425
00314.ppm;395;450;431;486
00314.ppm;1212;399;1248;435
00316.ppm;995;422;1018;445
00319.ppm;573;441;609;477
00319.ppm;1206;409;1242;445
00322.ppm;342;411;378;447
00322.ppm;1168;333;1204;369
00323.ppm;400;438;426;464
00323.ppm;855;443;878;466
00330.ppm;1044;314;1107;377
00334.ppm;760;436;796;472
00338.ppm;509;429;532;452
00339.ppm;625;442;661;478
00343.ppm;485;511;508;534
00348.ppm;952;525;988;561
00349.ppm;61;455;118;512
00349.ppm;1249;471;1306;528
00350.ppm;474;542;510;578
00350.ppm;1098;545;1121;568
00351.ppm;512;536;535;559
00353.ppm;455;560;478;583
00355.ppm;472;536;508;572
00357.ppm;465;528;501;564
00357.ppm;1094;524;1130;560
00357.ppm;1095;525;1131;561
00358.ppm;316;493;373;550
00359.ppm;466;561;489;584
00360.ppm;247;499;297;549
00360.ppm;1025;479;1075;529
00362.ppm;284;487;341;544
00362.ppm;331;535;366;570
00363.ppm;411;488;447;524
00363.ppm;414;528;450;564
00366.ppm;517;549;543;575
00367.ppm;1021;494;1078;551
00367.ppm;243;536;279;572
00367.ppm;1036;545;1072;581
00368.ppm;379;507;436;564
00368.ppm;391;513;431;553
00370.ppm;879;538;902;561
00371.ppm;315;522;372;579
00372.ppm;977;491;1013;527
00373.ppm;817;511;853;547
00373.ppm;166;521;192;547
00373.ppm;162;516;197;551
00377.ppm;1138;544;1174;580
00377.ppm;241;492;277;528
00377.ppm;243;535;279;571
00377.ppm;1129;501;1169;541
00377.ppm;1131;523;1166;558
00379.ppm;1060;484;1117;541
00379.ppm;193;509;229;545
00379.ppm;1060;445;1100;485
00380.ppm;955;565;978;588
00380.ppm;949;537;978;566
00382.ppm;452;530;488;566
00382.ppm;1210;498;1246;534
00382.ppm;1210;497;1246;533
00382.ppm;452;497;487;532
00384.ppm;1207;474;1270;537
00385.ppm;269;534;305;570
00385.ppm;977;530;1013;566
00386.ppm;558;562;581;585
00386.ppm;975;549;998;572
00387.ppm;401;493;487;579
00387.ppm;428;506;468;546
00390.ppm;1219;498;1259;538
00390.ppm;461;508;497;544
00392.ppm;363;448;420;505
00396.ppm;198;489;238;529
00396.ppm;1004;474;1040;510
00397.ppm;948;559;984;595
00397.ppm;945;525;981;561
00401.ppm;422;499;458;535
00401.ppm;1124;500;1160;536
00403.ppm;939;536;962;559
00404.ppm;337;418;394;475
00404.ppm;1254;414;1311;471
00405.ppm;355;443;412;500
00405.ppm;1252;469;1309;526
00408.ppm;1011;519;1047;555
00412.ppm;1005;505;1041;541
00413.ppm;1043;488;1079;524
00414.ppm;1037;427;1073;463
00416.ppm;813;507;849;543
00419.ppm;982;496;1018;532
00425.ppm;905;544;941;580
00425.ppm;304;506;340;542
00425.ppm;903;503;939;539
00427.ppm;298;388;387;477
00428.ppm;327;552;350;575
00431.ppm;277;528;313;564
00431.ppm;1141;499;1177;535
00432.ppm;238;562;264;588
00432.ppm;943;515;966;538
00439.ppm;1193;505;1250;562
00440.ppm;1287;529;1310;552
00441.ppm;1057;527;1114;584
00444.ppm;391;575;414;598
00444.ppm;973;575;996;598
00444.ppm;972;534;998;560
00445.ppm;1026;504;1062;540
00445.ppm;213;517;258;562
00445.ppm;1025;504;1061;540
00456.ppm;422;413;479;470
00457.ppm;1243;419;1300;476
00457.ppm;517;467;553;503
00459.ppm;883;550;906;573
00467.ppm;339;387;396;444
00467.ppm;1132;502;1168;538
00468.ppm;1128;508;1164;544
00468.ppm;1128;509;1164;545
00472.ppm;358;253;413;308
00473.ppm;506;532;542;568
00473.ppm;1149;504;1185;540
00473.ppm;1154;510;1180;536
00474.ppm;1239;547;1275;583
00474.ppm;518;574;541;597
00475.ppm;1245;477;1302;534
00476.ppm;1151;523;1187;559
00476.ppm;162;518;198;554
00476.ppm;1153;523;1185;555
00477.ppm;301;509;337;545
00478.ppm;220;486;256;522
00478.ppm;922;469;967;514
00479.ppm;981;490;1021;530
00480.ppm;1061;448;1101;488
00483.ppm;1178;527;1235;584
00483.ppm;158;520;194;556
00484.ppm;1000;528;1036;564
00484.ppm;338;508;374;544
00484.ppm;1008;532;1037;561
00484.ppm;1002;530;1034;562
00485.ppm;213;386;270;443
00486.ppm;408;519;465;576
00487.ppm;739;449;754;464
00494.ppm;1116;303;1205;392
00496.ppm;512;533;552;573
00496.ppm;513;495;553;535
00500.ppm;957;505;993;541
00505.ppm;1155;305;1205;355
00507.ppm;329;454;384;509
00512.ppm;232;486;268;522
00512.ppm;1140;492;1176;528
00514.ppm;383;513;419;549
00514.ppm;1165;493;1201;529
00514.ppm;381;512;417;548
00514.ppm;1172;494;1208;530
00515.ppm;553;459;616;522
00516.ppm;375;365;453;443
00517.ppm;280;430;343;493
00518.ppm;458;533;494;569
00519.ppm;451;527;508;584
00520.ppm;370;517;448;595
00521.ppm;379;578;402;601
00521.ppm;947;570;973;596
00523.ppm;456;513;501;558
00524.ppm;187;528;244;585
00524.ppm;1217;526;1274;583
00524.ppm;1227;538;1263;574
00528.ppm;168;419;204;455
00528.ppm;987;337;1027;377
00530.ppm;423;399;459;435
00530.ppm;1008;406;1044;442
00531.ppm;486;445;502;461
00551.ppm;939;468;962;491
00552.ppm;537;527;552;542
00552.ppm;814;523;832;541
00566.ppm;124;418;160;454
00566.ppm;654;395;690;431
00570.ppm;879;415;915;451
00571.ppm;104;425;159;480
