1   m 1  6
2   m 2  6
3   m 3  6
4   m 4  6
5   m 5  6
6   m 6  6
7   m 7  6
8   m 8  6
9   m 9  6
10  m 10 6
11  m 11 6
12  m 12 6
13  m 13 6
14  m 14 6
15  m 15 6
16  m 16 6
17  m 17 6
18  m 18 6
19  m 19 6
20  m 20 6
21  m 21 6
22  m 22 6
23  m 23 6
24  m 24 6
25  m 25 6
26  m 26 6
27  m 27 6
28  m 28 6
29  m 29 6
30  m 30 6
31  m 31 6
32  m 32 6
33  m 33 6
34  m 34 6
35  m 35 6
36  m 36 6
37  m 37 6
38  m 38 6
39  m 39 6
40  m 40 6
41  m 41 6
42  m 42 6
43  m 43 6
44  m 44 6
45  m 45 6
46  m 46 6
47  m 47 6
48  m 48 6
49  m 49 6
50  m 50 6
51  m 51 6
52  m 52 6
53  m 53 6
54  m 54 6
55  m 55 6
56  m 56 6
57  m 57 6
58  m 58 6
59  m 59 6
60  m 60 6
61  m 61 6
62  m 62 6
63  m 63 6
64  m 64 6
65  m 65 6
66  m 66 6
67  m 67 6
68  m 68 6
69  m 69 6
70  m 70 6
71  m 71 6
72  m 72 6
73  m 73 6
74  m 74 6
75  m 75 6
76  m 76 6
77  w 1  6
78  w 2  6
79  w 3  6
80  w 4  6
81  w 5  6
82  w 7  6
83  w 8  6
84  w 9  6
85  w 10 6
86  w 11 6
87  w 12 6
88  w 13 6
89  w 14 6
90  w 15 6
91  w 16 6
92  w 17 6
93  w 18 6
94  w 19 6
95  w 20 6
96  w 21 6
97  w 22 6
98  w 23 6
99  w 24 6
100 w 25 6
101 w 26 6
102 w 27 6
103 w 28 6
104 w 29 6
105 w 30 6
106 w 31 6
107 w 32 6
108 w 33 6
109 w 34 6
110 w 35 6
111 w 36 6
112 w 37 6
113 w 38 6
114 w 39 6
115 w 40 6
116 w 41 6
117 w 42 6
118 w 43 6
119 w 44 6
120 w 45 6
121 w 46 6
122 w 47 6
123 w 48 6
124 w 49 6
125 w 50 6
126 w 51 6
127 w 52 6
128 w 53 6
129 w 54 6
130 w 55 6
131 w 56 6
132 w 57 6
133 w 58 6
134 w 59 6
135 w 60 6
