1   m 1  4
2   m 2  4
3   m 3  4
4   m 4  4
5   m 5  4
6   m 6  4
7   m 7  4
8   m 8  4
9   m 9  4
10  m 10 4
11  m 11 4
12  m 12 4
13  m 13 4
14  m 14 4
15  m 15 4
16  m 16 4
17  m 17 4
18  m 18 4
19  m 19 4
20  m 20 4
21  m 21 4
22  m 22 4
23  m 23 4
24  m 24 4
25  m 25 4
26  m 26 4
27  m 27 4
28  m 28 4
29  m 29 4
30  m 30 4
31  m 31 4
32  m 32 4
33  m 33 4
34  m 34 4
35  m 35 4
36  m 36 4
37  m 37 4
38  m 38 4
39  m 39 4
40  m 40 4
41  m 41 4
42  m 42 4
43  m 43 4
44  m 44 4
45  m 45 4
46  m 46 4
47  m 47 4
48  m 48 4
49  m 49 4
50  m 50 4
51  m 51 4
52  m 52 4
53  m 53 4
54  m 54 4
55  m 55 4
56  m 56 4
57  m 57 4
58  m 58 4
59  m 59 4
60  m 60 4
61  m 61 4
62  m 62 4
63  m 63 4
64  m 64 4
65  m 65 4
66  m 66 4
67  m 67 4
68  m 68 4
69  m 69 4
70  m 70 4
71  m 71 4
72  m 72 4
73  m 73 4
74  m 74 4
75  m 75 4
76  m 76 4
77  w 1  4
78  w 2  4
79  w 3  4
80  w 4  4
81  w 5  4
82  w 7  4
83  w 8  4
84  w 9  4
85  w 10 4
86  w 11 4
87  w 12 4
88  w 13 4
89  w 14 4
90  w 15 4
91  w 16 4
92  w 17 4
93  w 18 4
94  w 19 4
95  w 20 4
96  w 21 4
97  w 22 4
98  w 23 4
99  w 24 4
100 w 25 4
101 w 26 4
102 w 27 4
103 w 28 4
104 w 29 4
105 w 30 4
106 w 31 4
107 w 32 4
108 w 33 4
109 w 34 4
110 w 35 4
111 w 36 4
112 w 37 4
113 w 38 4
114 w 39 4
115 w 40 4
116 w 41 4
117 w 42 4
118 w 43 4
119 w 44 4
120 w 45 4
121 w 46 4
122 w 47 4
123 w 48 4
124 w 49 4
125 w 50 4
126 w 51 4
127 w 52 4
128 w 53 4
129 w 54 4
130 w 55 4
131 w 56 4
132 w 57 4
133 w 58 4
134 w 59 4
135 w 60 4
