1 m 68 2
1 m 68 3
1 m 68 8
1 m 68 11
2 m 37 2
2 m 37 3
2 m 37 8
2 m 37 11
3 w 28 2
3 w 28 3
3 w 28 8
3 w 28 11
4 w 50 2
4 w 50 3
4 w 50 8
4 w 50 11
5 w 44 2
5 w 44 3
5 w 44 8
5 w 44 11
6 m 25 2
6 m 25 3
6 m 25 8
6 m 25 11
7 w 41 2
7 w 41 3
7 w 41 8
7 w 41 11
8 m 53 2
8 m 53 3
8 m 53 8
8 m 53 11
9 m 17 2
9 m 17 3
9 m 17 8
9 m 17 11
10 m 3 2
10 m 3 3
10 m 3 8
10 m 3 11
11 m 60 2
11 m 60 3
11 m 60 8
11 m 60 11
12 w 11 2
12 w 11 3
12 w 11 8
12 w 11 11
13 w 16 2
13 w 16 3
13 w 16 8
13 w 16 11
14 m 6 2
14 m 6 3
14 m 6 8
14 m 6 11
15 m 71 2
15 m 71 3
15 m 71 8
15 m 71 11
16 m 63 2
16 m 63 3
16 m 63 8
16 m 63 11
17 w 12 2
17 w 12 3
17 w 12 8
17 w 12 11
18 w 60 2
18 w 60 3
18 w 60 8
18 w 60 11
19 m 61 2
19 m 61 3
19 m 61 8
19 m 61 11
20 m 67 2
20 m 67 3
20 m 67 8
20 m 67 11
21 w 10 2
21 w 10 3
21 w 10 8
21 w 10 11
22 m 52 2
22 m 52 3
22 m 52 8
22 m 52 11
23 w 8 2
23 w 8 3
23 w 8 8
23 w 8 11
24 w 18 2
24 w 18 3
24 w 18 8
24 w 18 11
25 w 39 2
25 w 39 3
25 w 39 8
25 w 39 11
26 w 43 2
26 w 43 3
26 w 43 8
26 w 43 11
27 w 29 2
27 w 29 3
27 w 29 8
27 w 29 11
28 w 14 2
28 w 14 3
28 w 14 8
28 w 14 11
29 m 33 2
29 m 33 3
29 m 33 8
29 m 33 11
30 m 40 2
30 m 40 3
30 m 40 8
30 m 40 11
31 m 5 2
31 m 5 3
31 m 5 8
31 m 5 11
32 w 33 2
32 w 33 3
32 w 33 8
32 w 33 11
33 m 65 2
33 m 65 3
33 m 65 8
33 m 65 11
34 w 47 2
34 w 47 3
34 w 47 8
34 w 47 11
35 m 8 2
35 m 8 3
35 m 8 8
35 m 8 11
36 w 58 2
36 w 58 3
36 w 58 8
36 w 58 11
37 w 49 2
37 w 49 3
37 w 49 8
37 w 49 11
38 m 59 2
38 m 59 3
38 m 59 8
38 m 59 11
39 m 72 2
39 m 72 3
39 m 72 8
39 m 72 11
40 w 38 2
40 w 38 3
40 w 38 8
40 w 38 11
41 w 59 2
41 w 59 3
41 w 59 8
41 w 59 11
42 m 49 2
42 m 49 3
42 m 49 8
42 m 49 11
43 w 37 2
43 w 37 3
43 w 37 8
43 w 37 11
44 m 43 2
44 m 43 3
44 m 43 8
44 m 43 11
45 w 40 2
45 w 40 3
45 w 40 8
45 w 40 11
46 m 23 2
46 m 23 3
46 m 23 8
46 m 23 11
47 w 53 2
47 w 53 3
47 w 53 8
47 w 53 11
48 m 32 2
48 m 32 3
48 m 32 8
48 m 32 11
49 w 31 2
49 w 31 3
49 w 31 8
49 w 31 11
50 m 69 2
50 m 69 3
50 m 69 8
50 m 69 11
