1   m 1  2
2   m 2  2
3   m 3  2
4   m 4  2
5   m 5  2
6   m 6  2
7   m 7  2
8   m 8  2
9   m 9  2
10  m 10 2
11  m 11 2
12  m 12 2
13  m 13 2
14  m 14 2
15  m 15 2
16  m 16 2
17  m 17 2
18  m 18 2
19  m 19 2
20  m 20 2
21  m 21 2
22  m 22 2
23  m 23 2
24  m 24 2
25  m 25 2
26  m 26 2
27  m 27 2
28  m 28 2
29  m 29 2
30  m 30 2
31  m 31 2
32  m 32 2
33  m 33 2
34  m 34 2
35  m 35 2
36  m 36 2
37  m 37 2
38  m 38 2
39  m 39 2
40  m 40 2
41  m 41 2
42  m 42 2
43  m 43 2
44  m 44 2
45  m 45 2
46  m 46 2
47  m 47 2
48  m 48 2
49  m 49 2
50  m 50 2
51  m 51 2
52  m 52 2
53  m 53 2
54  m 54 2
55  m 55 2
56  m 56 2
57  m 57 2
58  m 58 2
59  m 59 2
60  m 60 2
61  m 61 2
62  m 62 2
63  m 63 2
64  m 64 2
65  m 65 2
66  m 66 2
67  m 67 2
68  m 68 2
69  m 69 2
70  m 70 2
71  m 71 2
72  m 72 2
73  m 73 2
74  m 74 2
75  m 75 2
76  m 76 2
77  w 1  2
78  w 2  2
79  w 3  2
80  w 4  2
81  w 5  2
82  w 7  2
83  w 8  2
84  w 9  2
85  w 10 2
86  w 11 2
87  w 12 2
88  w 13 2
89  w 14 2
90  w 15 2
91  w 16 2
92  w 17 2
93  w 18 2
94  w 19 2
95  w 20 2
96  w 21 2
97  w 22 2
98  w 23 2
99  w 24 2
100 w 25 2
101 w 26 2
102 w 27 2
103 w 28 2
104 w 29 2
105 w 30 2
106 w 31 2
107 w 32 2
108 w 33 2
109 w 34 2
110 w 35 2
111 w 36 2
112 w 37 2
113 w 38 2
114 w 39 2
115 w 40 2
116 w 41 2
117 w 42 2
118 w 43 2
119 w 44 2
120 w 45 2
121 w 46 2
122 w 47 2
123 w 48 2
124 w 49 2
125 w 50 2
126 w 51 2
127 w 52 2
128 w 53 2
129 w 54 2
130 w 55 2
131 w 56 2
132 w 57 2
133 w 58 2
134 w 59 2
135 w 60 2
