1   m 1  3
2   m 2  3
3   m 3  3
4   m 4  3
5   m 5  3
6   m 6  3
7   m 7  3
8   m 8  3
9   m 9  3
10  m 10 3
11  m 11 3
12  m 12 3
13  m 13 3
14  m 14 3
15  m 15 3
16  m 16 3
17  m 17 3
18  m 18 3
19  m 19 3
20  m 20 3
21  m 21 3
22  m 22 3
23  m 23 3
24  m 24 3
25  m 25 3
26  m 26 3
27  m 27 3
28  m 28 3
29  m 29 3
30  m 30 3
31  m 31 3
32  m 32 3
33  m 33 3
34  m 34 3
35  m 35 3
36  m 36 3
37  m 37 3
38  m 38 3
39  m 39 3
40  m 40 3
41  m 41 3
42  m 42 3
43  m 43 3
44  m 44 3
45  m 45 3
46  m 46 3
47  m 47 3
48  m 48 3
49  m 49 3
50  m 50 3
51  m 51 3
52  m 52 3
53  m 53 3
54  m 54 3
55  m 55 3
56  m 56 3
57  m 57 3
58  m 58 3
59  m 59 3
60  m 60 3
61  m 61 3
62  m 62 3
63  m 63 3
64  m 64 3
65  m 65 3
66  m 66 3
67  m 67 3
68  m 68 3
69  m 69 3
70  m 70 3
71  m 71 3
72  m 72 3
73  m 73 3
74  m 74 3
75  m 75 3
76  m 76 3
77  w 1  3
78  w 2  3
79  w 3  3
80  w 4  3
81  w 5  3
82  w 7  3
83  w 8  3
84  w 9  3
85  w 10 3
86  w 11 3
87  w 12 3
88  w 13 3
89  w 14 3
90  w 15 3
91  w 16 3
92  w 17 3
93  w 18 3
94  w 19 3
95  w 20 3
96  w 21 3
97  w 22 3
98  w 23 3
99  w 24 3
100 w 25 3
101 w 26 3
102 w 27 3
103 w 28 3
104 w 29 3
105 w 30 3
106 w 31 3
107 w 32 3
108 w 33 3
109 w 34 3
110 w 35 3
111 w 36 3
112 w 37 3
113 w 38 3
114 w 39 3
115 w 40 3
116 w 41 3
117 w 42 3
118 w 43 3
119 w 44 3
120 w 45 3
121 w 46 3
122 w 47 3
123 w 48 3
124 w 49 3
125 w 50 3
126 w 51 3
127 w 52 3
128 w 53 3
129 w 54 3
130 w 55 3
131 w 56 3
132 w 57 3
133 w 58 3
134 w 59 3
135 w 60 3
