00001.ppm;95;461;149;515
00002.ppm;1251;546;1289;584
00002.ppm;441;538;472;569
00002.ppm;453;554;475;576
00003.ppm;361;450;415;504
00003.ppm;317;487;343;513
00003.ppm;403;430;429;456
00004.ppm;1098;483;1129;514
00005.ppm;165;514;203;552
00005.ppm;852;496;890;534
00005.ppm;848;503;879;534
00005.ppm;847;507;878;538
00005.ppm;851;506;877;532
00009.ppm;308;506;346;544
00009.ppm;1211;436;1249;474
00009.ppm;310;514;341;545
00009.ppm;811;507;842;538
00009.ppm;811;510;842;541
00009.ppm;310;515;336;541
00009.ppm;810;510;836;536
00009.ppm;1029;426;1055;452
00009.ppm;318;511;340;533
00009.ppm;1258;446;1273;461
00010.ppm;424;532;455;563
00010.ppm;914;547;936;569
00011.ppm;835;524;866;555
00011.ppm;700;467;731;498
00011.ppm;842;491;873;522
00011.ppm;845;492;871;518
00011.ppm;1206;361;1232;387
00011.ppm;1264;345;1290;371
00011.ppm;842;531;864;553
00011.ppm;1215;385;1237;407
00013.ppm;480;548;518;586
00013.ppm;1125;559;1163;597
00013.ppm;1137;572;1168;603
00013.ppm;1129;556;1160;587
00013.ppm;1134;574;1160;600
00013.ppm;484;547;510;573
00014.ppm;1040;406;1078;444
00015.ppm;386;576;417;607
00015.ppm;386;572;412;598
00015.ppm;891;573;917;599
00016.ppm;482;398;520;436
00017.ppm;839;481;857;499
00020.ppm;866;423;897;454
00020.ppm;868;427;894;453
00021.ppm;783;445;809;471
00021.ppm;782;445;804;467
00022.ppm;458;413;512;467
00022.ppm;1231;481;1269;519
00022.ppm;1201;521;1223;543
00023.ppm;978;377;1032;431
00023.ppm;199;543;225;569
00023.ppm;999;409;1025;435
00025.ppm;1031;374;1096;439
00026.ppm;861;402;899;440
00026.ppm;1322;408;1353;439
00029.ppm;1192;386;1223;417
00029.ppm;1234;357;1256;379
00030.ppm;1226;322;1280;376
00031.ppm;799;468;837;506
00031.ppm;806;478;832;504
00032.ppm;111;390;149;428
00032.ppm;478;537;496;555
00034.ppm;524;378;562;416
00034.ppm;933;483;971;521
00034.ppm;527;379;565;417
00034.ppm;541;392;567;418
00035.ppm;1047;510;1092;555
00035.ppm;485;606;523;644
00035.ppm;824;426;862;464
00035.ppm;415;471;433;489
00036.ppm;1287;590;1325;628
00036.ppm;986;527;1004;545
00038.ppm;911;370;949;408
00038.ppm;1150;577;1176;603
00038.ppm;978;507;1004;533
00040.ppm;1104;354;1169;419
00041.ppm;511;526;556;571
00041.ppm;455;549;473;567
00042.ppm;1104;513;1126;535
00043.ppm;490;611;516;637
00045.ppm;1033;308;1087;362
00046.ppm;175;604;206;635
00048.ppm;159;551;204;596
00048.ppm;213;521;235;543
00051.ppm;801;400;855;454
00051.ppm;806;416;851;461
00052.ppm;960;404;998;442
00053.ppm;1107;458;1133;484
00054.ppm;1215;535;1253;573
00055.ppm;1054;539;1072;557
00055.ppm;874;402;889;417
00056.ppm;569;468;600;499
00057.ppm;989;395;1027;433
00057.ppm;991;404;1022;435
00058.ppm;261;542;299;580
00058.ppm;494;550;532;588
00059.ppm;996;430;1027;461
00059.ppm;1132;473;1154;495
00060.ppm;943;423;974;454
00061.ppm;519;587;545;613
00061.ppm;1140;402;1166;428
00062.ppm;991;601;1022;632
00063.ppm;688;608;733;653
00064.ppm;1113;413;1144;444
00064.ppm;561;532;587;558
00064.ppm;851;441;877;467
00065.ppm;1148;509;1174;535
00065.ppm;1181;430;1207;456
00065.ppm;560;476;578;494
00066.ppm;341;617;367;643
00066.ppm;974;388;996;410
00067.ppm;735;441;761;467
00068.ppm;1095;257;1173;335
00069.ppm;896;391;934;429
00070.ppm;991;308;1056;373
00070.ppm;1139;484;1177;522
00070.ppm;1049;510;1080;541
00071.ppm;855;396;886;427
00071.ppm;1330;424;1361;455
00073.ppm;296;525;318;547
00074.ppm;718;365;749;396
00074.ppm;502;580;528;606
00074.ppm;431;478;453;500
00075.ppm;332;427;358;453
00079.ppm;906;363;960;417
00080.ppm;900;392;945;437
00080.ppm;419;618;457;656
00081.ppm;819;429;845;455
00081.ppm;125;512;147;534
00082.ppm;1110;404;1136;430
00083.ppm;388;452;414;478
00083.ppm;891;451;917;477
00086.ppm;368;432;406;470
00086.ppm;378;444;409;475
00090.ppm;773;507;799;533
00091.ppm;293;572;324;603
00091.ppm;468;494;486;512
00091.ppm;885;495;903;513
00093.ppm;986;383;1024;421
00096.ppm;306;599;337;630
00096.ppm;721;446;739;464
00097.ppm;352;581;378;607
00098.ppm;739;418;765;444
00099.ppm;732;413;758;439
00099.ppm;406;545;424;563
00101.ppm;1046;395;1091;440
00101.ppm;1054;391;1092;429
00103.ppm;1005;360;1043;398
00104.ppm;1221;454;1252;485
00104.ppm;768;413;794;439
00104.ppm;1227;465;1242;480
00105.ppm;959;344;997;382
00105.ppm;957;344;988;375
00106.ppm;867;370;898;401
00107.ppm;910;389;941;420
00109.ppm;922;613;960;651
00110.ppm;1078;195;1156;273
00112.ppm;929;361;983;415
00112.ppm;528;522;546;540
00114.ppm;788;309;826;347
00115.ppm;796;616;841;661
00116.ppm;822;336;867;381
00117.ppm;836;432;862;458
00117.ppm;835;446;850;461
00119.ppm;483;496;537;550
00119.ppm;934;394;965;425
00119.ppm;931;396;962;427
00122.ppm;150;586;195;631
00122.ppm;398;544;429;575
00123.ppm;694;427;712;445
00126.ppm;513;538;544;569
00129.ppm;357;321;422;386
00129.ppm;191;402;229;440
00129.ppm;536;493;567;524
00130.ppm;463;455;501;493
00130.ppm;1051;523;1082;554
00130.ppm;1055;526;1081;552
00130.ppm;1055;526;1081;552
00133.ppm;512;433;543;464
00133.ppm;509;430;540;461
00133.ppm;939;525;965;551
00133.ppm;936;532;958;554
00134.ppm;1096;448;1174;526
00134.ppm;1099;469;1164;534
00140.ppm;482;517;536;571
00140.ppm;1164;512;1218;566
00140.ppm;493;516;538;561
00140.ppm;1169;513;1214;558
00140.ppm;1165;507;1210;552
00140.ppm;493;521;531;559
00140.ppm;1173;522;1211;560
00140.ppm;1098;458;1129;489
00140.ppm;1183;532;1209;558
00140.ppm;492;534;514;556
00141.ppm;970;557;1001;588
00141.ppm;443;557;469;583
00141.ppm;439;561;465;587
00141.ppm;446;563;468;585
00142.ppm;337;568;368;599
00142.ppm;338;559;369;590
00142.ppm;959;555;990;586
00142.ppm;970;561;996;587
00142.ppm;335;562;361;588
00142.ppm;347;563;369;585
00143.ppm;965;548;1010;593
00146.ppm;231;514;276;559
00146.ppm;1141;533;1186;578
00146.ppm;1135;495;1180;540
00146.ppm;239;478;277;516
00146.ppm;1145;542;1183;580
00146.ppm;241;472;279;510
00146.ppm;1135;503;1173;541
00146.ppm;245;511;276;542
00146.ppm;1146;504;1177;535
00146.ppm;243;474;274;505
00146.ppm;1138;488;1169;519
00146.ppm;1133;495;1159;521
00147.ppm;306;496;360;550
00147.ppm;1152;515;1206;569
00148.ppm;169;415;207;453
00149.ppm;306;550;351;595
00149.ppm;1159;544;1204;589
00149.ppm;1166;557;1204;595
00149.ppm;299;456;330;487
00152.ppm;930;442;975;487
00152.ppm;940;454;978;492
00153.ppm;1280;415;1311;446
00153.ppm;1117;533;1139;555
00153.ppm;1292;417;1307;432
00154.ppm;284;546;302;564
00155.ppm;856;520;887;551
00155.ppm;850;517;872;539
00158.ppm;1165;382;1210;427
00158.ppm;984;553;1022;591
00158.ppm;371;550;402;581
00158.ppm;375;521;406;552
00158.ppm;990;523;1016;549
00158.ppm;990;525;1016;551
00158.ppm;373;525;395;547
00158.ppm;994;530;1016;552
00158.ppm;996;534;1014;552
00159.ppm;1071;476;1116;521
00159.ppm;414;622;440;648
00160.ppm;590;562;616;588
00160.ppm;1022;564;1048;590
00160.ppm;594;548;612;566
00160.ppm;1025;554;1040;569
00163.ppm;991;521;1045;575
00163.ppm;817;410;843;436
00166.ppm;260;492;291;523
00172.ppm;256;387;282;413
00173.ppm;902;529;947;574
00173.ppm;451;409;482;440
00173.ppm;877;517;903;543
00173.ppm;149;409;175;435
00174.ppm;933;514;964;545
00174.ppm;348;581;374;607
00174.ppm;856;532;878;554
00175.ppm;889;482;927;520
00175.ppm;889;481;927;519
00175.ppm;1064;392;1090;418
00176.ppm;1046;372;1111;437
00176.ppm;862;506;893;537
00177.ppm;834;527;860;553
00179.ppm;508;528;534;554
00180.ppm;380;554;445;619
00180.ppm;1171;566;1236;631
00180.ppm;1177;585;1231;639
00180.ppm;1178;580;1232;634
00180.ppm;1181;592;1226;637
00180.ppm;479;470;501;492
00181.ppm;1200;591;1245;636
00181.ppm;1182;516;1227;561
00181.ppm;1166;554;1204;592
00181.ppm;1098;538;1124;564
00182.ppm;326;511;352;537
00183.ppm;1311;486;1342;517
00183.ppm;820;424;846;450
00184.ppm;875;541;913;579
00185.ppm;805;540;836;571
00185.ppm;1310;512;1336;538
00186.ppm;344;595;389;640
00186.ppm;289;517;311;539
00188.ppm;1013;518;1031;536
00189.ppm;1182;557;1204;579
00189.ppm;1186;549;1204;567
00191.ppm;997;409;1062;474
00193.ppm;376;456;407;487
00193.ppm;213;532;235;554
00194.ppm;549;344;580;375
00194.ppm;380;437;406;463
00198.ppm;789;549;807;567
00200.ppm;1302;431;1333;462
00203.ppm;783;327;848;392
00203.ppm;778;239;832;293
00204.ppm;309;614;354;659
00204.ppm;312;429;330;447
00205.ppm;1087;432;1113;458
00206.ppm;811;410;837;436
00207.ppm;923;532;961;570
00207.ppm;1191;500;1206;515
00210.ppm;364;547;395;578
00210.ppm;494;505;520;531
00211.ppm;227;504;272;549
00212.ppm;509;448;554;493
00212.ppm;188;536;214;562
00214.ppm;1120;436;1158;474
00215.ppm;918;416;963;461
00215.ppm;906;422;937;453
00218.ppm;411;526;456;571
00218.ppm;355;558;393;596
00218.ppm;238;619;269;650
00219.ppm;1033;515;1087;569
00219.ppm;1254;507;1299;552
00221.ppm;335;446;357;468
00221.ppm;862;446;884;468
00225.ppm;494;593;520;619
00225.ppm;455;488;473;506
00226.ppm;489;547;534;592
00228.ppm;329;539;347;557
00229.ppm;151;600;182;631
00229.ppm;553;398;579;424
00231.ppm;981;368;1019;406
00231.ppm;501;504;527;530
00233.ppm;781;333;826;378
00233.ppm;783;338;821;376
00233.ppm;776;332;807;363
00234.ppm;1132;271;1186;325
00235.ppm;411;506;449;544
00235.ppm;952;350;990;388
00236.ppm;614;509;652;547
00236.ppm;412;512;438;538
00238.ppm;1065;385;1096;416
00238.ppm;449;421;475;447
00238.ppm;427;515;445;533
00239.ppm;306;408;351;453
00239.ppm;299;367;344;412
00239.ppm;1237;347;1282;392
00239.ppm;1228;298;1273;343
00239.ppm;1249;349;1287;387
00239.ppm;308;373;346;411
00239.ppm;1229;303;1267;341
00239.ppm;300;381;331;412
00239.ppm;309;361;340;392
00239.ppm;1250;315;1281;346
00241.ppm;1250;535;1295;580
00242.ppm;665;492;703;530
00243.ppm;675;550;720;595
00246.ppm;264;409;302;447
00246.ppm;1095;350;1133;388
00246.ppm;374;382;412;420
00246.ppm;378;389;409;420
00246.ppm;379;392;405;418
00246.ppm;1089;346;1115;372
00246.ppm;374;397;396;419
00247.ppm;1179;529;1224;574
00250.ppm;979;373;1005;399
00251.ppm;1096;322;1141;367
00254.ppm;1188;265;1253;330
00257.ppm;350;483;376;509
00258.ppm;430;581;484;635
00259.ppm;412;597;438;623
00260.ppm;1090;158;1168;236
00261.ppm;999;539;1017;557
00262.ppm;300;439;365;504
00262.ppm;756;482;787;513
00262.ppm;583;507;609;533
00263.ppm;639;524;670;555
00266.ppm;1003;398;1029;424
00268.ppm;367;512;393;538
00270.ppm;574;459;592;477
00270.ppm;1031;446;1049;464
00270.ppm;1034;449;1049;464
00271.ppm;376;403;414;441
00271.ppm;1276;387;1314;425
00271.ppm;1278;386;1316;424
00271.ppm;1277;390;1308;421
00271.ppm;371;411;402;442
00271.ppm;1282;393;1313;424
00272.ppm;939;403;977;441
00272.ppm;319;426;350;457
00272.ppm;317;417;348;448
00272.ppm;327;424;353;450
00276.ppm;486;599;512;625
00276.ppm;469;472;491;494
00276.ppm;778;480;800;502
00276.ppm;777;476;795;494
00276.ppm;779;475;797;493
00279.ppm;979;511;997;529
00281.ppm;480;548;518;586
00281.ppm;1125;559;1163;597
00281.ppm;1068;438;1106;476
00281.ppm;1138;569;1169;600
00281.ppm;1141;574;1167;600
00282.ppm;247;566;312;631
00284.ppm;849;510;887;548
00284.ppm;848;474;886;512
00284.ppm;851;477;882;508
00284.ppm;905;527;927;549
00286.ppm;262;411;307;456
00286.ppm;795;476;826;507
00286.ppm;811;519;837;545
00286.ppm;1177;342;1203;368
00286.ppm;1266;339;1292;365
00286.ppm;1133;529;1155;551
00286.ppm;1123;390;1145;412
00286.ppm;1196;388;1218;410
00286.ppm;1170;317;1192;339
00286.ppm;1195;319;1217;341
00286.ppm;822;546;840;564
00286.ppm;1111;373;1129;391
00286.ppm;1073;453;1088;468
00288.ppm;177;605;222;650
00288.ppm;1242;400;1273;431
00288.ppm;355;491;377;513
00289.ppm;692;530;714;552
00289.ppm;1187;478;1209;500
00291.ppm;748;554;763;569
00292.ppm;1215;367;1246;398
00292.ppm;1131;398;1146;413
00293.ppm;1258;387;1296;425
00294.ppm;1092;535;1130;573
00294.ppm;391;528;417;554
00294.ppm;1190;430;1216;456
00294.ppm;394;526;416;548
00294.ppm;1095;529;1117;551
00295.ppm;196;489;241;534
00295.ppm;972;419;1017;464
00295.ppm;976;427;1014;465
00295.ppm;130;590;161;621
00295.ppm;189;481;220;512
00296.ppm;1053;382;1098;427
00296.ppm;817;511;843;537
00297.ppm;569;470;595;496
00298.ppm;324;505;355;536
00298.ppm;820;514;851;545
00298.ppm;816;512;847;543
00298.ppm;228;478;254;504
00298.ppm;822;514;848;540
00298.ppm;828;522;850;544
00299.ppm;869;483;923;537
00299.ppm;322;189;360;227
