00005.ppm;165;514;203;552
00005.ppm;847;507;878;538
00009.ppm;310;514;341;545
00009.ppm;810;510;836;536
00011.ppm;842;491;873;522
00013.ppm;480;548;518;586
00023.ppm;978;377;1032;431
00026.ppm;861;402;899;440
00040.ppm;1104;354;1169;419
00057.ppm;991;404;1022;435
00080.ppm;900;392;945;437
00086.ppm;378;444;409;475
00093.ppm;986;383;1024;421
00101.ppm;1046;395;1091;440
00103.ppm;1005;360;1043;398
00105.ppm;957;344;988;375
00107.ppm;910;389;941;420
00116.ppm;822;336;867;381
00119.ppm;931;396;962;427
00129.ppm;536;493;567;524
00130.ppm;463;455;501;493
00133.ppm;509;430;540;461
00133.ppm;939;525;965;551
00134.ppm;1099;469;1164;534
00140.ppm;1169;513;1214;558
00140.ppm;493;521;531;559
00146.ppm;241;472;279;510
00155.ppm;856;520;887;551
00175.ppm;889;481;927;519
00203.ppm;778;239;832;293
00233.ppm;781;333;826;378
00238.ppm;449;421;475;447
00239.ppm;306;408;351;453
00246.ppm;378;389;409;420
00254.ppm;1188;265;1253;330
00260.ppm;1090;158;1168;236
00276.ppm;469;472;491;494
00281.ppm;480;548;518;586
00294.ppm;1092;535;1130;573
00295.ppm;196;489;241;534
00295.ppm;972;419;1017;464
00298.ppm;324;505;355;536
00298.ppm;822;514;848;540
