00002.ppm;441;538;472;569
00005.ppm;165;514;203;552
00005.ppm;848;503;879;534
00005.ppm;847;507;878;538
00009.ppm;310;514;341;545
00009.ppm;811;507;842;538
00009.ppm;811;510;842;541
00009.ppm;810;510;836;536
00011.ppm;842;491;873;522
00011.ppm;845;492;871;518
00013.ppm;480;548;518;586
00023.ppm;978;377;1032;431
00025.ppm;1031;374;1096;439
00026.ppm;861;402;899;440
00031.ppm;799;468;837;506
00040.ppm;1104;354;1169;419
00051.ppm;806;416;851;461
00057.ppm;991;404;1022;435
00060.ppm;943;423;974;454
00061.ppm;1140;402;1166;428
00064.ppm;851;441;877;467
00080.ppm;900;392;945;437
00086.ppm;378;444;409;475
00093.ppm;986;383;1024;421
00101.ppm;1046;395;1091;440
00103.ppm;1005;360;1043;398
00105.ppm;957;344;988;375
00107.ppm;910;389;941;420
00116.ppm;822;336;867;381
00119.ppm;931;396;962;427
00129.ppm;536;493;567;524
00130.ppm;463;455;501;493
00130.ppm;1055;526;1081;552
00130.ppm;1055;526;1081;552
00133.ppm;509;430;540;461
00133.ppm;939;525;965;551
00134.ppm;1099;469;1164;534
00140.ppm;493;516;538;561
00140.ppm;1169;513;1214;558
00140.ppm;1165;507;1210;552
00140.ppm;493;521;531;559
00140.ppm;1173;522;1211;560
00146.ppm;1141;533;1186;578
00146.ppm;241;472;279;510
00146.ppm;1135;503;1173;541
00149.ppm;306;550;351;595
00149.ppm;1159;544;1204;589
00152.ppm;940;454;978;492
00155.ppm;856;520;887;551
00158.ppm;375;521;406;552
00158.ppm;990;525;1016;551
00173.ppm;877;517;903;543
00174.ppm;933;514;964;545
00175.ppm;889;482;927;520
00175.ppm;889;481;927;519
00176.ppm;862;506;893;537
00177.ppm;834;527;860;553
00179.ppm;508;528;534;554
00180.ppm;380;554;445;619
00180.ppm;1178;580;1232;634
00191.ppm;997;409;1062;474
00203.ppm;778;239;832;293
00231.ppm;981;368;1019;406
00233.ppm;781;333;826;378
00238.ppm;449;421;475;447
00239.ppm;306;408;351;453
00246.ppm;378;389;409;420
00254.ppm;1188;265;1253;330
00260.ppm;1090;158;1168;236
00262.ppm;300;439;365;504
00271.ppm;1276;387;1314;425
00272.ppm;939;403;977;441
00276.ppm;469;472;491;494
00281.ppm;480;548;518;586
00284.ppm;849;510;887;548
00286.ppm;811;519;837;545
00294.ppm;1092;535;1130;573
00294.ppm;391;528;417;554
00295.ppm;196;489;241;534
00295.ppm;972;419;1017;464
00295.ppm;976;427;1014;465
00298.ppm;324;505;355;536
00298.ppm;820;514;851;545
00298.ppm;816;512;847;543
00298.ppm;822;514;848;540
