00002.ppm;441;538;472;569
00003.ppm;361;450;415;504
00005.ppm;165;514;203;552
00005.ppm;848;503;879;534
00005.ppm;847;507;878;538
00009.ppm;310;514;341;545
00009.ppm;811;507;842;538
00009.ppm;811;510;842;541
00009.ppm;810;510;836;536
00010.ppm;914;547;936;569
00011.ppm;835;524;866;555
00011.ppm;842;491;873;522
00011.ppm;845;492;871;518
00013.ppm;480;548;518;586
00013.ppm;1125;559;1163;597
00013.ppm;1137;572;1168;603
00013.ppm;1129;556;1160;587
00013.ppm;1134;574;1160;600
00015.ppm;891;573;917;599
00020.ppm;866;423;897;454
00020.ppm;868;427;894;453
00021.ppm;782;445;804;467
00023.ppm;978;377;1032;431
00025.ppm;1031;374;1096;439
00026.ppm;861;402;899;440
00030.ppm;1226;322;1280;376
00031.ppm;799;468;837;506
00031.ppm;806;478;832;504
00034.ppm;527;379;565;417
00035.ppm;824;426;862;464
00038.ppm;911;370;949;408
00040.ppm;1104;354;1169;419
00045.ppm;1033;308;1087;362
00051.ppm;801;400;855;454
00051.ppm;806;416;851;461
00057.ppm;989;395;1027;433
00057.ppm;991;404;1022;435
00059.ppm;996;430;1027;461
00060.ppm;943;423;974;454
00061.ppm;1140;402;1166;428
00064.ppm;851;441;877;467
00069.ppm;896;391;934;429
00070.ppm;991;308;1056;373
00071.ppm;855;396;886;427
00080.ppm;900;392;945;437
00083.ppm;388;452;414;478
00083.ppm;891;451;917;477
00086.ppm;368;432;406;470
00086.ppm;378;444;409;475
00090.ppm;773;507;799;533
00091.ppm;468;494;486;512
00091.ppm;885;495;903;513
00093.ppm;986;383;1024;421
00098.ppm;739;418;765;444
00101.ppm;1046;395;1091;440
00101.ppm;1054;391;1092;429
00103.ppm;1005;360;1043;398
00104.ppm;768;413;794;439
00105.ppm;957;344;988;375
00107.ppm;910;389;941;420
00112.ppm;929;361;983;415
00114.ppm;788;309;826;347
00116.ppm;822;336;867;381
00117.ppm;836;432;862;458
00119.ppm;934;394;965;425
00119.ppm;931;396;962;427
00129.ppm;536;493;567;524
00130.ppm;463;455;501;493
00130.ppm;1051;523;1082;554
00130.ppm;1055;526;1081;552
00130.ppm;1055;526;1081;552
00133.ppm;509;430;540;461
00133.ppm;939;525;965;551
00133.ppm;936;532;958;554
00134.ppm;1096;448;1174;526
00134.ppm;1099;469;1164;534
00140.ppm;482;517;536;571
00140.ppm;1164;512;1218;566
00140.ppm;493;516;538;561
00140.ppm;1169;513;1214;558
00140.ppm;1165;507;1210;552
00140.ppm;493;521;531;559
00140.ppm;1173;522;1211;560
00141.ppm;970;557;1001;588
00141.ppm;443;557;469;583
00141.ppm;439;561;465;587
00142.ppm;337;568;368;599
00142.ppm;967;559;998;590
00142.ppm;959;555;990;586
00142.ppm;970;561;996;587
00142.ppm;968;561;994;587
00146.ppm;231;514;276;559
00146.ppm;1141;533;1186;578
00146.ppm;1135;495;1180;540
00146.ppm;239;478;277;516
00146.ppm;241;472;279;510
00146.ppm;1135;503;1173;541
00149.ppm;306;550;351;595
00149.ppm;1159;544;1204;589
00149.ppm;1166;557;1204;595
00152.ppm;930;442;975;487
00152.ppm;940;454;978;492
00155.ppm;856;520;887;551
00155.ppm;850;517;872;539
00158.ppm;984;553;1022;591
00158.ppm;371;550;402;581
00158.ppm;375;521;406;552
00158.ppm;990;523;1016;549
00158.ppm;990;525;1016;551
00158.ppm;994;530;1016;552
00160.ppm;1022;564;1048;590
00173.ppm;877;517;903;543
00174.ppm;933;514;964;545
00175.ppm;889;482;927;520
00175.ppm;889;481;927;519
00176.ppm;862;506;893;537
00177.ppm;834;527;860;553
00179.ppm;508;528;534;554
00180.ppm;380;554;445;619
00180.ppm;1171;566;1236;631
00180.ppm;1177;585;1231;639
00180.ppm;1178;580;1232;634
00181.ppm;1200;591;1245;636
00189.ppm;1186;549;1204;567
00191.ppm;997;409;1062;474
00203.ppm;778;239;832;293
00206.ppm;811;410;837;436
00207.ppm;1191;500;1206;515
00221.ppm;862;446;884;468
00231.ppm;981;368;1019;406
00233.ppm;781;333;826;378
00238.ppm;1065;385;1096;416
00238.ppm;449;421;475;447
00239.ppm;306;408;351;453
00239.ppm;299;367;344;412
00239.ppm;308;373;346;411
00241.ppm;1250;535;1295;580
00246.ppm;1095;350;1133;388
00246.ppm;374;382;412;420
00246.ppm;378;389;409;420
00246.ppm;379;392;405;418
00250.ppm;979;373;1005;399
00251.ppm;1096;322;1141;367
00254.ppm;1188;265;1253;330
00260.ppm;1090;158;1168;236
00262.ppm;300;439;365;504
00266.ppm;1003;398;1029;424
00271.ppm;1276;387;1314;425
00271.ppm;378;414;409;445
00271.ppm;371;411;402;442
00271.ppm;1282;393;1313;424
00271.ppm;386;416;412;442
00271.ppm;380;415;406;441
00272.ppm;939;403;977;441
00272.ppm;319;426;350;457
00272.ppm;317;417;348;448
00276.ppm;469;472;491;494
00281.ppm;480;548;518;586
00281.ppm;1125;559;1163;597
00281.ppm;1138;569;1169;600
00281.ppm;1141;574;1167;600
00284.ppm;849;510;887;548
00284.ppm;851;477;882;508
00286.ppm;811;519;837;545
00294.ppm;1092;535;1130;573
00294.ppm;391;528;417;554
00295.ppm;196;489;241;534
00295.ppm;972;419;1017;464
00295.ppm;976;427;1014;465
00298.ppm;324;505;355;536
00298.ppm;820;514;851;545
00298.ppm;816;512;847;543
00298.ppm;822;514;848;540
