00001.ppm;87;454;141;508
00001.ppm;289;392;341;444
00001.ppm;1075;606;1090;621
00002.ppm;442;544;473;575
00002.ppm;448;546;474;572
00003.ppm;363;446;417;500
00004.ppm;479;580;524;625
00005.ppm;167;511;205;549
00005.ppm;844;499;882;537
00005.ppm;847;504;878;535
00005.ppm;847;504;878;535
00006.ppm;452;540;467;555
00009.ppm;310;514;341;545
00009.ppm;809;508;840;539
00009.ppm;313;516;339;542
00009.ppm;812;511;838;537
00009.ppm;1201;309;1230;338
00009.ppm;809;509;839;539
00010.ppm;915;553;937;575
00010.ppm;916;555;934;573
00010.ppm;1171;449;1199;477
00010.ppm;1131;477;1146;492
00011.ppm;836;486;874;524
00011.ppm;841;523;872;554
00011.ppm;838;490;869;521
00011.ppm;842;492;868;518
00011.ppm;1323;412;1349;438
00011.ppm;1268;464;1295;491
00011.ppm;1261;320;1283;342
00012.ppm;1259;441;1277;459
00013.ppm;1130;561;1168;599
00013.ppm;479;548;510;579
00013.ppm;1133;565;1164;596
00013.ppm;1132;565;1163;596
00013.ppm;1130;564;1166;600
00013.ppm;1128;562;1168;602
00014.ppm;881;398;919;436
00014.ppm;1035;407;1073;445
00015.ppm;887;570;916;599
00015.ppm;389;575;411;597
00015.ppm;387;573;411;597
00017.ppm;439;510;484;555
00017.ppm;833;479;853;499
00020.ppm;864;429;890;455
00021.ppm;781;444;807;470
00022.ppm;1200;477;1252;529
00022.ppm;1212;515;1238;541
00023.ppm;976;379;1030;433
00024.ppm;1021;585;1057;621
00024.ppm;819;464;845;490
00025.ppm;1043;385;1097;439
00025.ppm;1312;536;1350;574
00026.ppm;852;441;897;486
00026.ppm;857;404;895;442
00026.ppm;849;520;871;542
00026.ppm;317;498;339;520
00029.ppm;1240;358;1266;384
00030.ppm;1216;312;1283;379
00030.ppm;1216;307;1285;376
00031.ppm;799;480;830;511
00032.ppm;101;381;146;426
00034.ppm;529;375;567;413
00035.ppm;822;422;867;467
00038.ppm;913;377;951;415
00040.ppm;1106;357;1171;422
00042.ppm;1103;517;1127;541
00042.ppm;439;501;457;519
00045.ppm;1034;312;1088;366
00045.ppm;1292;470;1330;508
00046.ppm;867;500;905;538
00046.ppm;823;419;849;445
00047.ppm;655;411;698;454
00049.ppm;522;487;544;509
00051.ppm;798;404;852;458
00051.ppm;802;409;847;454
00052.ppm;156;464;221;529
00052.ppm;176;412;214;450
00052.ppm;350;502;381;533
00052.ppm;193;476;233;516
00053.ppm;625;505;670;550
00054.ppm;450;475;476;501
00054.ppm;335;517;353;535
00055.ppm;853;479;907;533
00055.ppm;866;417;889;440
00056.ppm;574;463;600;489
00057.ppm;993;403;1024;434
00059.ppm;994;432;1032;470
00059.ppm;1248;476;1277;505
00060.ppm;942;422;980;460
00061.ppm;1141;402;1167;428
00062.ppm;200;544;226;570
00062.ppm;497;496;515;514
00063.ppm;515;554;560;599
00063.ppm;470;561;501;592
00064.ppm;849;438;880;469
00065.ppm;501;417;532;448
00065.ppm;1010;599;1050;639
00065.ppm;556;471;578;493
00065.ppm;558;473;576;491
00067.ppm;737;445;763;471
00067.ppm;739;447;761;469
00067.ppm;739;448;761;470
00069.ppm;895;393;949;447
00069.ppm;899;398;944;443
00069.ppm;315;495;346;526
00069.ppm;1246;526;1272;552
00070.ppm;997;307;1062;372
00071.ppm;849;397;880;428
00074.ppm;714;369;752;407
00074.ppm;717;374;748;405
00075.ppm;1005;415;1043;453
00075.ppm;422;544;444;566
00080.ppm;903;400;948;445
00080.ppm;989;605;1020;636
00080.ppm;499;495;530;526
00080.ppm;1067;461;1103;497
00081.ppm;819;435;845;461
00083.ppm;387;453;413;479
00083.ppm;889;450;915;476
00086.ppm;371;433;416;478
00086.ppm;375;436;413;474
00086.ppm;378;441;409;472
00090.ppm;774;505;800;531
00091.ppm;468;491;490;513
00091.ppm;884;492;906;514
00091.ppm;884;493;906;515
00091.ppm;470;492;488;510
00091.ppm;886;495;904;513
00091.ppm;886;496;903;513
00092.ppm;1048;354;1093;399
00093.ppm;984;385;1022;423
00093.ppm;987;389;1018;420
00094.ppm;195;418;226;449
00096.ppm;491;581;531;621
00098.ppm;738;415;764;441
00099.ppm;728;416;754;442
00100.ppm;1069;474;1087;492
00101.ppm;1042;398;1087;443
00101.ppm;492;465;518;491
00103.ppm;1002;362;1040;400
00104.ppm;767;413;793;439
00105.ppm;953;343;991;381
00106.ppm;866;373;897;404
00107.ppm;905;383;943;421
00110.ppm;860;509;890;539
00112.ppm;931;361;985;415
00114.ppm;793;317;831;355
00115.ppm;1054;488;1072;506
00116.ppm;822;340;867;385
00117.ppm;834;434;860;460
00117.ppm;836;437;858;459
00119.ppm;931;390;969;428
00119.ppm;934;395;965;426
00119.ppm;1285;469;1311;495
00120.ppm;737;431;755;449
00121.ppm;1059;505;1090;536
00122.ppm;233;554;272;593
00123.ppm;612;496;647;531
00123.ppm;694;424;716;446
00124.ppm;789;531;827;569
00124.ppm;149;398;191;440
00125.ppm;903;521;968;586
00126.ppm;444;533;470;559
00129.ppm;536;491;567;522
00130.ppm;467;444;512;489
00130.ppm;1051;519;1082;550
00130.ppm;1055;520;1081;546
00133.ppm;505;425;543;463
00133.ppm;934;523;965;554
00133.ppm;509;430;540;461
00133.ppm;937;525;963;551
00133.ppm;936;521;969;554
00133.ppm;939;526;961;548
00134.ppm;1096;458;1161;523
00138.ppm;253;448;291;486
00138.ppm;444;476;471;503
00138.ppm;414;476;432;494
00140.ppm;1160;509;1214;563
00140.ppm;489;514;534;559
00140.ppm;1165;514;1210;559
00140.ppm;1165;514;1210;559
00140.ppm;493;517;531;555
00140.ppm;1165;517;1208;560
00140.ppm;1165;508;1213;556
00141.ppm;438;557;469;588
00141.ppm;970;556;996;582
00141.ppm;442;560;468;586
00141.ppm;975;557;1001;583
00142.ppm;334;564;365;595
00142.ppm;334;565;365;596
00142.ppm;960;556;991;587
00142.ppm;965;558;991;584
00143.ppm;847;592;899;644
00146.ppm;232;511;286;565
00146.ppm;1137;530;1191;584
00146.ppm;1141;536;1186;581
00146.ppm;235;471;280;516
00146.ppm;1134;494;1179;539
00146.ppm;1141;500;1172;531
00146.ppm;236;467;276;507
00147.ppm;451;590;477;616
00149.ppm;1154;548;1199;593
00149.ppm;301;553;346;598
00149.ppm;305;556;343;594
00149.ppm;1155;541;1207;593
00152.ppm;937;453;975;491
00152.ppm;721;490;752;521
00153.ppm;1014;493;1059;538
00153.ppm;524;404;574;454
00153.ppm;1108;483;1135;510
00153.ppm;478;496;496;514
00153.ppm;1116;488;1133;505
00154.ppm;977;544;1015;582
00155.ppm;600;482;631;513
00155.ppm;854;521;880;547
00155.ppm;853;521;879;547
00155.ppm;698;405;715;422
00156.ppm;1116;455;1161;500
00156.ppm;392;423;421;452
00156.ppm;881;568;896;583
00157.ppm;1032;471;1068;507
00157.ppm;1187;479;1213;505
00157.ppm;391;394;406;409
00158.ppm;373;544;411;582
00158.ppm;982;550;1020;588
00158.ppm;372;513;410;551
00158.ppm;978;519;1016;557
00158.ppm;378;548;409;579
00158.ppm;985;554;1016;585
00158.ppm;374;517;405;548
00158.ppm;980;523;1011;554
00158.ppm;984;525;1010;551
00158.ppm;379;548;405;574
00158.ppm;377;519;404;546
00158.ppm;1094;510;1112;528
00159.ppm;420;555;470;605
00160.ppm;590;557;622;589
00160.ppm;1022;565;1051;594
00160.ppm;591;538;617;564
00160.ppm;1023;543;1049;569
00160.ppm;1022;567;1046;591
00160.ppm;594;562;618;586
00160.ppm;1023;566;1047;590
00160.ppm;595;543;613;561
00160.ppm;1026;548;1044;566
00160.ppm;1025;547;1044;566
00163.ppm;992;532;1034;574
00163.ppm;480;473;502;495
00163.ppm;1146;483;1164;501
00164.ppm;946;201;1018;273
00164.ppm;331;494;369;532
00164.ppm;1264;522;1293;551
00164.ppm;833;364;865;396
00164.ppm;1071;549;1091;569
00165.ppm;1213;544;1237;568
00166.ppm;250;493;295;538
00166.ppm;254;497;292;535
00166.ppm;260;336;282;358
00166.ppm;521;518;549;546
00167.ppm;1113;180;1182;249
00170.ppm;130;509;161;540
00171.ppm;227;448;253;474
00173.ppm;242;406;273;437
00173.ppm;877;514;903;540
00173.ppm;452;413;478;439
00174.ppm;1044;498;1098;552
00174.ppm;929;517;960;548
00174.ppm;992;478;1019;505
00175.ppm;883;484;928;529
00175.ppm;888;488;926;526
00176.ppm;857;503;895;541
00176.ppm;861;507;892;538
00177.ppm;630;580;684;634
00177.ppm;833;527;855;549
00177.ppm;952;497;974;519
00178.ppm;279;525;306;552
00180.ppm;380;558;445;623
00180.ppm;1171;579;1225;633
00180.ppm;1171;578;1225;632
00180.ppm;970;456;992;478
00181.ppm;821;418;866;463
00183.ppm;1145;586;1187;628
00183.ppm;1311;474;1342;505
00183.ppm;1096;522;1118;544
00185.ppm;323;189;371;237
00185.ppm;429;529;447;547
00185.ppm;483;481;501;499
00186.ppm;495;416;578;499
00188.ppm;1065;447;1104;486
00188.ppm;1039;533;1061;555
00188.ppm;974;477;996;499
00188.ppm;1016;520;1038;542
00188.ppm;1260;482;1281;503
00189.ppm;1026;481;1052;507
00189.ppm;1027;479;1052;504
00189.ppm;1045;516;1060;531
00189.ppm;1033;487;1048;502
00191.ppm;983;411;1061;489
00191.ppm;990;420;1055;485
00192.ppm;946;411;978;443
00193.ppm;710;428;826;544
00193.ppm;520;564;565;609
00193.ppm;982;515;1020;553
00193.ppm;1215;520;1241;546
00193.ppm;1213;492;1239;518
00194.ppm;832;433;945;546
00194.ppm;355;169;400;214
00194.ppm;1026;516;1064;554
00194.ppm;178;563;209;594
00194.ppm;173;401;212;440
00194.ppm;179;453;215;489
00195.ppm;378;537;400;559
00197.ppm;919;478;934;493
00198.ppm;787;547;805;565
00200.ppm;992;437;1023;468
00202.ppm;427;397;466;436
00202.ppm;425;475;465;515
00202.ppm;427;392;467;432
00202.ppm;296;486;318;508
00202.ppm;442;478;475;511
00202.ppm;436;487;456;507
00203.ppm;193;532;222;561
00204.ppm;111;553;149;591
00204.ppm;176;598;194;616
00204.ppm;275;398;297;420
00205.ppm;941;621;972;652
00205.ppm;892;500;924;532
00205.ppm;800;509;833;542
00205.ppm;295;517;313;535
00205.ppm;295;517;313;535
00205.ppm;1184;468;1199;483
00205.ppm;1184;468;1199;483
00206.ppm;808;409;830;431
00206.ppm;1275;436;1293;454
00207.ppm;442;446;468;472
00207.ppm;1306;556;1334;584
00208.ppm;854;462;889;497
00211.ppm;1010;615;1036;641
00213.ppm;973;524;995;546
00214.ppm;307;589;352;634
00214.ppm;294;582;351;639
00214.ppm;397;585;449;637
00214.ppm;862;532;893;563
00214.ppm;858;521;898;561
00214.ppm;1318;584;1342;608
00214.ppm;1318;581;1345;608
00214.ppm;1315;582;1343;610
00214.ppm;1288;438;1316;466
00215.ppm;969;562;1007;600
00215.ppm;1231;473;1269;511
00215.ppm;845;521;871;547
00215.ppm;1242;313;1268;339
00215.ppm;522;478;549;505
00215.ppm;1246;330;1273;357
00216.ppm;354;384;408;438
00217.ppm;1021;462;1078;519
00218.ppm;321;469;359;507
00218.ppm;1071;514;1093;536
00221.ppm;994;444;1025;475
00221.ppm;857;443;883;469
00221.ppm;334;443;356;465
00221.ppm;859;445;881;467
00221.ppm;862;447;880;465
00222.ppm;1243;519;1326;602
00222.ppm;406;466;445;505
00222.ppm;1121;550;1147;576
00224.ppm;800;390;896;486
00224.ppm;1000;465;1050;515
00224.ppm;441;557;467;583
00224.ppm;817;508;857;548
00224.ppm;833;515;855;537
00225.ppm;1081;379;1107;405
00225.ppm;1084;381;1106;403
00226.ppm;1231;618;1266;653
00226.ppm;819;449;845;475
00226.ppm;1068;514;1086;532
00228.ppm;1308;425;1338;455
00229.ppm;551;398;577;424
00229.ppm;553;400;575;422
00231.ppm;975;372;1013;410
00232.ppm;366;486;384;504
00232.ppm;1116;545;1133;562
00233.ppm;776;334;821;379
00233.ppm;780;337;818;375
00234.ppm;1129;269;1183;323
00234.ppm;205;582;243;620
00234.ppm;1192;523;1213;544
00236.ppm;483;476;501;494
00237.ppm;855;390;900;435
00238.ppm;441;418;472;449
00238.ppm;441;418;472;449
00238.ppm;1067;382;1098;413
00238.ppm;1069;385;1095;411
00238.ppm;444;420;470;446
00238.ppm;1071;387;1093;409
00239.ppm;304;410;349;455
00239.ppm;569;478;614;523
00239.ppm;1233;345;1278;390
00239.ppm;304;370;342;408
00239.ppm;1237;303;1275;341
00239.ppm;133;519;155;541
00240.ppm;1070;611;1122;663
00240.ppm;1267;528;1296;557
00240.ppm;1225;456;1251;482
00240.ppm;1003;483;1036;516
00241.ppm;1259;535;1304;580
00241.ppm;316;534;355;573
00241.ppm;952;466;978;492
00242.ppm;504;476;526;498
00243.ppm;240;491;266;517
00243.ppm;332;492;350;510
00243.ppm;509;462;524;477
00244.ppm;1313;498;1351;536
00244.ppm;974;520;992;538
00246.ppm;373;382;411;420
00246.ppm;1091;348;1129;386
00246.ppm;1091;348;1129;386
00246.ppm;376;385;407;416
00246.ppm;1095;354;1127;386
00246.ppm;379;389;405;415
00246.ppm;1180;559;1203;582
00246.ppm;948;459;963;474
00247.ppm;1312;528;1357;573
00247.ppm;1141;389;1203;451
00247.ppm;1149;408;1167;426
00248.ppm;520;429;587;496
00248.ppm;945;347;983;385
00248.ppm;535;439;583;487
00248.ppm;529;455;550;476
00250.ppm;352;502;383;533
00250.ppm;973;375;1004;406
00250.ppm;1192;508;1218;534
00250.ppm;976;377;1002;403
00250.ppm;1193;510;1217;534
00250.ppm;999;548;1017;566
00251.ppm;1096;319;1141;364
00252.ppm;1115;492;1165;542
00253.ppm;1035;604;1067;636
00254.ppm;1187;259;1252;324
00255.ppm;914;408;952;446
00257.ppm;978;392;1014;428
00257.ppm;895;470;919;494
00257.ppm;899;553;920;574
00258.ppm;294;526;314;546
00258.ppm;447;358;467;378
00259.ppm;589;525;688;624
00260.ppm;1085;149;1163;227
00260.ppm;445;487;463;505
00262.ppm;278;418;372;512
00262.ppm;292;431;357;496
00262.ppm;853;432;918;497
00262.ppm;287;432;354;499
00262.ppm;290;430;350;490
00264.ppm;814;484;840;510
00265.ppm;53;544;84;575
00265.ppm;962;408;988;434
00266.ppm;981;578;1026;623
00266.ppm;1001;400;1030;429
00266.ppm;902;498;924;520
00266.ppm;1002;397;1029;424
00270.ppm;224;378;276;430
00270.ppm;943;474;974;505
00270.ppm;568;456;590;478
00270.ppm;1029;440;1051;462
00270.ppm;1028;440;1050;462
00270.ppm;1031;442;1049;460
00270.ppm;1031;443;1049;461
00271.ppm;370;405;415;450
00271.ppm;1274;383;1312;421
00271.ppm;373;407;411;445
00271.ppm;1273;384;1311;422
00271.ppm;377;412;408;443
00271.ppm;377;412;408;443
00271.ppm;372;409;408;445
00272.ppm;936;406;974;444
00272.ppm;319;419;350;450
00272.ppm;319;419;350;450
00272.ppm;939;409;970;440
00272.ppm;1031;387;1074;430
00272.ppm;941;408;970;437
00273.ppm;1292;473;1334;515
00274.ppm;634;543;665;574
00274.ppm;940;509;966;535
00276.ppm;1115;456;1153;494
00276.ppm;473;575;499;601
00276.ppm;465;469;491;495
00276.ppm;775;477;797;499
00276.ppm;467;471;489;493
00276.ppm;775;477;797;499
00276.ppm;776;479;794;497
00276.ppm;777;479;795;497
00278.ppm;979;510;1033;564
00279.ppm;295;528;349;582
00279.ppm;977;496;1037;556
00281.ppm;1129;560;1167;598
00281.ppm;850;396;907;453
00281.ppm;480;549;511;580
00281.ppm;1132;564;1163;595
00281.ppm;862;404;901;443
00281.ppm;1132;565;1163;596
00281.ppm;483;551;509;577
00282.ppm;247;549;312;614
00282.ppm;254;566;285;597
00282.ppm;1020;536;1038;554
00284.ppm;848;507;893;552
00284.ppm;849;474;894;519
00284.ppm;851;509;889;547
00284.ppm;853;476;891;514
00284.ppm;855;480;886;511
00284.ppm;1012;485;1047;520
00284.ppm;1027;615;1053;641
00284.ppm;854;514;880;540
00284.ppm;932;532;959;559
00284.ppm;893;469;923;499
00286.ppm;816;540;842;566
00286.ppm;813;516;839;542
00286.ppm;1319;388;1355;424
00286.ppm;815;518;837;540
00286.ppm;815;518;837;540
00286.ppm;1262;387;1292;417
00286.ppm;1125;485;1143;503
00286.ppm;1079;483;1094;498
00288.ppm;992;316;1052;376
00288.ppm;776;543;807;574
00288.ppm;964;457;995;488
00288.ppm;951;429;999;477
00288.ppm;1018;464;1040;486
00289.ppm;690;531;712;553
00290.ppm;168;453;199;484
00290.ppm;1162;449;1183;470
00291.ppm;1168;510;1206;548
00291.ppm;965;473;987;495
00291.ppm;920;484;950;514
00291.ppm;474;558;492;576
00291.ppm;747;552;765;570
00291.ppm;747;552;765;570
00291.ppm;837;448;855;466
00291.ppm;748;554;763;569
00291.ppm;1028;431;1047;450
00292.ppm;129;346;155;372
00292.ppm;363;396;378;411
00293.ppm;1207;578;1229;600
00293.ppm;217;482;238;503
00294.ppm;1092;530;1130;568
00294.ppm;383;523;421;561
00294.ppm;1093;530;1131;568
00294.ppm;387;527;418;558
00294.ppm;386;526;417;557
00294.ppm;389;529;415;555
00294.ppm;392;530;414;552
00295.ppm;967;421;1012;466
00295.ppm;196;487;234;525
00295.ppm;197;486;235;524
00295.ppm;971;423;1009;461
00296.ppm;807;414;845;452
00297.ppm;795;519;833;557
00298.ppm;814;507;852;545
00298.ppm;323;505;354;536
00298.ppm;322;506;353;537
00298.ppm;325;508;351;534
00298.ppm;820;514;846;540
