00002.ppm;442;544;473;575
00002.ppm;442;544;473;575
00002.ppm;445;546;471;572
00002.ppm;448;546;474;572
00002.ppm;447;547;473;573
00003.ppm;363;440;428;505
00003.ppm;357;440;422;505
00003.ppm;363;446;417;500
00003.ppm;358;446;418;506
00003.ppm;369;446;419;496
00005.ppm;163;508;208;553
00005.ppm;164;508;209;553
00005.ppm;163;509;208;554
00005.ppm;167;511;205;549
00005.ppm;167;511;205;549
00005.ppm;845;499;883;537
00005.ppm;167;511;205;549
00005.ppm;167;511;205;549
00005.ppm;844;499;882;537
00005.ppm;170;516;201;547
00005.ppm;164;513;207;556
00005.ppm;848;503;879;534
00005.ppm;847;504;878;535
00005.ppm;169;511;208;550
00005.ppm;847;503;878;534
00005.ppm;847;504;878;535
00005.ppm;849;506;878;535
00005.ppm;846;503;878;535
00006.ppm;451;538;469;556
00006.ppm;452;540;467;555
00006.ppm;452;540;467;555
00006.ppm;452;540;467;555
00009.ppm;307;511;345;549
00009.ppm;805;504;843;542
00009.ppm;308;510;346;548
00009.ppm;307;510;345;548
00009.ppm;806;504;844;542
00009.ppm;310;515;341;546
00009.ppm;809;509;840;540
00009.ppm;310;514;341;545
00009.ppm;310;514;341;545
00009.ppm;809;508;840;539
00009.ppm;809;509;840;540
00009.ppm;312;517;341;546
00009.ppm;313;516;339;542
00009.ppm;314;513;343;542
00009.ppm;812;511;838;537
00009.ppm;812;510;838;536
00009.ppm;305;506;345;546
00010.ppm;915;553;937;575
00010.ppm;915;552;937;574
00010.ppm;915;553;937;575
00010.ppm;1327;391;1354;418
00010.ppm;917;555;935;573
00010.ppm;916;555;934;573
00010.ppm;916;555;934;573
00010.ppm;1169;446;1197;474
00010.ppm;1132;477;1147;492
00011.ppm;837;518;875;556
00011.ppm;836;486;874;524
00011.ppm;840;522;871;553
00011.ppm;840;523;871;554
00011.ppm;838;490;869;521
00011.ppm;839;490;870;521
00011.ppm;842;492;868;518
00011.ppm;842;492;868;518
00011.ppm;842;492;868;518
00011.ppm;1324;412;1350;438
00013.ppm;1126;557;1171;602
00013.ppm;1127;558;1172;603
00013.ppm;477;545;515;583
00013.ppm;1128;560;1166;598
00013.ppm;1130;561;1168;599
00013.ppm;477;545;515;583
00013.ppm;479;548;510;579
00013.ppm;480;548;511;579
00013.ppm;1131;564;1162;595
00013.ppm;1133;565;1164;596
00013.ppm;480;549;511;580
00013.ppm;1132;565;1163;596
00013.ppm;1131;566;1160;595
00013.ppm;1128;563;1168;603
00014.ppm;1036;406;1074;444
00014.ppm;1035;407;1073;445
00015.ppm;888;571;917;600
00015.ppm;386;573;412;599
00015.ppm;387;575;411;599
00015.ppm;889;572;913;596
00015.ppm;388;572;415;599
00015.ppm;386;573;410;597
00015.ppm;385;569;413;597
00015.ppm;387;571;415;599
00017.ppm;439;510;484;555
00017.ppm;832;478;854;500
00020.ppm;861;426;892;457
00020.ppm;865;428;891;454
00020.ppm;864;429;890;455
00021.ppm;782;444;808;470
00021.ppm;782;445;808;471
00021.ppm;781;444;807;470
00021.ppm;781;444;807;470
00021.ppm;784;446;806;468
00021.ppm;784;447;806;469
00021.ppm;784;447;806;469
00023.ppm;970;374;1035;439
00023.ppm;969;375;1034;440
00023.ppm;969;374;1034;439
00023.ppm;969;373;1034;438
00023.ppm;975;378;1029;432
00023.ppm;976;379;1030;433
00023.ppm;975;379;1029;433
00023.ppm;976;379;1030;433
00023.ppm;977;373;1033;429
00024.ppm;819;464;845;490
00024.ppm;818;464;844;490
00024.ppm;821;465;843;487
00024.ppm;821;465;845;489
00024.ppm;821;465;843;487
00025.ppm;1030;372;1108;450
00025.ppm;1029;372;1107;450
00025.ppm;1036;380;1101;445
00025.ppm;1037;378;1102;443
00025.ppm;1037;380;1102;445
00025.ppm;1043;385;1097;439
00025.ppm;1043;385;1097;439
00026.ppm;852;441;897;486
00026.ppm;852;402;897;447
00026.ppm;856;404;894;442
00026.ppm;857;405;895;443
00026.ppm;857;404;895;442
00026.ppm;860;409;891;440
00026.ppm;860;409;891;440
00026.ppm;860;409;891;440
00026.ppm;860;409;891;440
00026.ppm;860;405;896;441
00031.ppm;795;476;833;514
00031.ppm;796;477;834;515
00031.ppm;796;478;834;516
00031.ppm;796;477;834;515
00031.ppm;799;480;830;511
00034.ppm;525;372;570;417
00034.ppm;529;376;567;414
00034.ppm;529;375;567;413
00035.ppm;822;422;867;467
00035.ppm;822;422;867;467
00035.ppm;822;422;867;467
00035.ppm;826;425;864;463
00035.ppm;826;418;864;456
00038.ppm;913;376;951;414
00038.ppm;914;376;952;414
00038.ppm;913;376;951;414
00038.ppm;916;380;947;411
00040.ppm;1105;356;1170;421
00040.ppm;1106;357;1171;422
00040.ppm;1105;358;1170;423
00040.ppm;1106;357;1171;422
00045.ppm;1034;312;1088;366
00045.ppm;1037;306;1093;362
00045.ppm;1036;314;1086;364
00045.ppm;1031;307;1087;363
00045.ppm;1035;310;1087;362
00046.ppm;867;500;905;538
00046.ppm;815;428;844;457
00046.ppm;823;419;849;445
00046.ppm;818;413;854;449
00047.ppm;652;411;695;454
00047.ppm;659;411;698;450
00047.ppm;652;409;700;457
00047.ppm;651;412;694;455
00051.ppm;792;398;857;463
00051.ppm;799;403;853;457
00051.ppm;799;404;853;458
00051.ppm;799;403;853;457
00051.ppm;798;403;852;457
00051.ppm;802;409;847;454
00051.ppm;802;409;847;454
00051.ppm;802;409;847;454
00052.ppm;350;502;381;533
00054.ppm;450;476;476;502
00054.ppm;450;476;476;502
00054.ppm;450;476;476;502
00056.ppm;574;464;600;490
00056.ppm;574;463;600;489
00056.ppm;574;463;600;489
00057.ppm;989;400;1027;438
00057.ppm;989;399;1027;437
00057.ppm;989;399;1027;437
00057.ppm;993;403;1024;434
00057.ppm;992;403;1023;434
00057.ppm;991;403;1022;434
00057.ppm;990;403;1019;432
00059.ppm;991;430;1036;475
00059.ppm;990;429;1035;474
00059.ppm;990;429;1035;474
00059.ppm;994;432;1032;470
00059.ppm;997;436;1028;467
00059.ppm;997;436;1028;467
00060.ppm;941;422;979;460
00060.ppm;942;422;980;460
00060.ppm;945;426;976;457
00060.ppm;945;426;976;457
00061.ppm;1137;402;1168;433
00061.ppm;1138;401;1169;432
00061.ppm;1137;401;1168;432
00061.ppm;1137;400;1168;431
00061.ppm;1141;403;1167;429
00061.ppm;1141;403;1167;429
00061.ppm;1140;403;1166;429
00061.ppm;1141;402;1167;428
00061.ppm;1143;406;1165;428
00061.ppm;1141;403;1168;430
00064.ppm;845;435;883;473
00064.ppm;849;438;880;469
00064.ppm;848;438;879;469
00064.ppm;849;438;880;469
00064.ppm;852;440;878;466
00064.ppm;851;440;877;466
00064.ppm;852;441;878;467
00065.ppm;556;471;578;493
00065.ppm;558;474;576;492
00065.ppm;558;473;576;491
00065.ppm;558;473;576;491
00065.ppm;558;473;576;491
00067.ppm;737;446;763;472
00067.ppm;737;445;763;471
00067.ppm;737;445;763;471
00067.ppm;739;447;761;469
00067.ppm;739;447;761;469
00067.ppm;739;447;761;469
00067.ppm;739;448;761;470
00069.ppm;896;394;950;448
00069.ppm;895;393;949;447
00069.ppm;896;393;950;447
00069.ppm;899;398;944;443
00069.ppm;899;398;944;443
00069.ppm;899;399;944;444
00069.ppm;903;402;941;440
00069.ppm;903;401;941;439
00069.ppm;315;489;350;524
00070.ppm;997;308;1062;373
00070.ppm;996;309;1061;374
00070.ppm;997;309;1062;374
00070.ppm;1003;313;1057;367
00071.ppm;846;393;884;431
00071.ppm;845;393;883;431
00071.ppm;848;397;879;428
00071.ppm;849;396;880;427
00071.ppm;849;397;880;428
00071.ppm;849;397;880;428
00071.ppm;849;399;878;428
00074.ppm;714;370;752;408
00074.ppm;714;369;752;407
00074.ppm;717;373;748;404
00075.ppm;1006;415;1044;453
00075.ppm;1005;415;1043;453
00077.ppm;526;478;557;509
00080.ppm;893;389;958;454
00080.ppm;892;390;957;455
00080.ppm;899;394;953;448
00080.ppm;899;394;953;448
00080.ppm;898;394;952;448
00080.ppm;899;394;953;448
00080.ppm;903;400;948;445
00080.ppm;903;399;948;444
00080.ppm;903;399;948;444
00080.ppm;989;606;1020;637
00080.ppm;989;605;1020;636
00080.ppm;499;495;530;526
00080.ppm;989;607;1021;639
00080.ppm;1068;463;1100;495
00081.ppm;820;435;846;461
00081.ppm;819;434;845;460
00081.ppm;819;434;845;460
00081.ppm;821;436;843;458
00081.ppm;822;437;844;459
00081.ppm;822;436;844;458
00081.ppm;821;437;843;459
00083.ppm;889;450;915;476
00083.ppm;890;450;916;476
00083.ppm;387;453;413;479
00083.ppm;890;450;916;476
00083.ppm;890;450;916;476
00083.ppm;388;456;410;478
00083.ppm;387;456;409;478
00083.ppm;890;452;912;474
00083.ppm;893;451;915;473
00083.ppm;888;451;912;475
00083.ppm;891;452;913;474
00086.ppm;370;434;415;479
00086.ppm;371;433;416;478
00086.ppm;377;436;415;474
00086.ppm;375;437;413;475
00086.ppm;379;441;410;472
00086.ppm;378;441;409;472
00086.ppm;374;433;413;472
00086.ppm;379;440;410;471
00090.ppm;774;505;800;531
00090.ppm;774;505;800;531
00090.ppm;774;505;800;531
00090.ppm;776;507;798;529
00090.ppm;776;507;798;529
00090.ppm;777;507;799;529
00091.ppm;466;488;492;514
00091.ppm;468;490;490;512
00091.ppm;468;491;490;513
00091.ppm;884;492;906;514
00091.ppm;468;491;490;513
00091.ppm;468;490;490;512
00091.ppm;884;493;906;515
00091.ppm;884;493;906;515
00091.ppm;470;493;488;511
00091.ppm;886;495;904;513
00091.ppm;470;492;488;510
00091.ppm;470;492;488;510
00091.ppm;886;495;904;513
00091.ppm;887;494;905;512
00091.ppm;470;493;489;512
00091.ppm;886;495;903;512
00092.ppm;1048;354;1093;399
00092.ppm;1048;356;1093;401
00092.ppm;1048;354;1093;399
00092.ppm;1045;354;1102;411
00092.ppm;1052;358;1090;396
00092.ppm;1052;358;1090;396
00093.ppm;981;382;1026;427
00093.ppm;981;383;1026;428
00093.ppm;984;385;1022;423
00093.ppm;985;385;1023;423
00093.ppm;985;385;1023;423
00093.ppm;983;380;1025;422
00093.ppm;988;390;1019;421
00093.ppm;985;388;1016;419
00093.ppm;984;383;1019;418
00098.ppm;735;414;766;445
00098.ppm;735;413;766;444
00098.ppm;735;413;766;444
00098.ppm;738;415;764;441
00098.ppm;738;416;764;442
00098.ppm;738;415;764;441
00098.ppm;740;418;762;440
00098.ppm;740;418;762;440
00098.ppm;740;418;762;440
00099.ppm;725;415;756;446
00099.ppm;725;415;756;446
00099.ppm;726;414;757;445
00099.ppm;725;415;756;446
00099.ppm;728;416;754;442
00099.ppm;728;416;754;442
00101.ppm;1041;397;1086;442
00101.ppm;1040;398;1085;443
00101.ppm;1040;397;1085;442
00101.ppm;1046;401;1084;439
00101.ppm;1045;400;1083;438
00103.ppm;997;360;1042;405
00103.ppm;998;360;1043;405
00103.ppm;998;360;1043;405
00103.ppm;1002;363;1040;401
00103.ppm;1002;363;1040;401
00103.ppm;1002;362;1040;400
00103.ppm;1001;363;1039;401
00103.ppm;1005;367;1036;398
00103.ppm;1005;367;1036;398
00104.ppm;763;411;794;442
00104.ppm;766;413;792;439
00104.ppm;767;413;793;439
00104.ppm;767;413;793;439
00104.ppm;768;415;790;437
00105.ppm;954;343;992;381
00105.ppm;953;343;991;381
00105.ppm;953;343;991;381
00105.ppm;957;347;988;378
00105.ppm;956;346;987;377
00105.ppm;957;347;988;378
00105.ppm;956;347;987;378
00106.ppm;863;369;901;407
00106.ppm;863;369;901;407
00106.ppm;866;373;897;404
00106.ppm;866;373;897;404
00107.ppm;905;383;943;421
00107.ppm;906;383;944;421
00107.ppm;905;384;943;422
00107.ppm;906;384;944;422
00107.ppm;908;388;939;419
00107.ppm;909;387;940;418
00107.ppm;909;387;940;418
00112.ppm;924;356;989;421
00112.ppm;931;361;985;415
00112.ppm;932;360;986;414
00112.ppm;931;361;985;415
00112.ppm;931;361;985;415
00112.ppm;935;367;980;412
00112.ppm;930;360;986;416
00112.ppm;936;363;986;413
00112.ppm;935;365;980;410
00116.ppm;817;334;871;388
00116.ppm;817;335;871;389
00116.ppm;817;334;871;388
00116.ppm;820;340;865;385
00116.ppm;822;340;867;385
00116.ppm;822;338;867;383
00116.ppm;820;340;865;385
00117.ppm;834;435;860;461
00117.ppm;834;434;860;460
00117.ppm;836;436;858;458
00117.ppm;836;436;858;458
00117.ppm;836;437;858;459
00117.ppm;837;439;855;457
00119.ppm;931;391;969;429
00119.ppm;931;390;969;428
00119.ppm;931;390;969;428
00119.ppm;931;391;969;429
00119.ppm;934;395;965;426
00119.ppm;934;395;965;426
00119.ppm;934;395;965;426
00119.ppm;1283;468;1312;497
00119.ppm;935;396;964;425
00120.ppm;737;430;755;448
00120.ppm;737;431;755;449
00121.ppm;1059;505;1090;536
00121.ppm;1061;507;1087;533
00123.ppm;695;425;717;447
00123.ppm;694;424;716;446
00126.ppm;444;533;470;559
00129.ppm;533;487;571;525
00129.ppm;534;488;572;526
00129.ppm;533;487;571;525
00129.ppm;534;487;572;525
00129.ppm;537;492;568;523
00129.ppm;536;491;567;522
00129.ppm;536;491;567;522
00130.ppm;461;439;515;493
00130.ppm;463;439;517;493
00130.ppm;467;444;512;489
00130.ppm;467;444;512;489
00130.ppm;467;444;512;489
00130.ppm;469;439;516;486
00130.ppm;1050;518;1081;549
00130.ppm;1051;519;1082;550
00130.ppm;1051;518;1082;549
00130.ppm;1052;518;1083;549
00130.ppm;1054;520;1080;546
00130.ppm;1055;521;1081;547
00130.ppm;1054;520;1080;546
00130.ppm;1054;520;1080;546
00130.ppm;1053;520;1080;547
00130.ppm;1057;523;1079;545
00133.ppm;506;425;544;463
00133.ppm;505;426;543;464
00133.ppm;505;425;543;463
00133.ppm;934;523;965;554
00133.ppm;508;430;539;461
00133.ppm;509;430;540;461
00133.ppm;935;523;966;554
00133.ppm;934;523;965;554
00133.ppm;509;430;540;461
00133.ppm;937;525;963;551
00133.ppm;937;525;963;551
00133.ppm;937;525;963;551
00133.ppm;508;424;544;460
00133.ppm;505;420;545;460
00133.ppm;939;527;961;549
00133.ppm;936;522;969;555
00133.ppm;508;426;541;459
00133.ppm;939;526;961;548
00134.ppm;1087;451;1165;529
00134.ppm;1085;450;1163;528
00134.ppm;1086;450;1164;528
00134.ppm;1087;450;1165;528
00134.ppm;1097;459;1162;524
00134.ppm;1097;458;1162;523
00134.ppm;1096;458;1161;523
00140.ppm;485;509;539;563
00140.ppm;1161;509;1215;563
00140.ppm;485;509;539;563
00140.ppm;1160;509;1214;563
00140.ppm;1161;508;1215;562
00140.ppm;489;514;534;559
00140.ppm;489;514;534;559
00140.ppm;1165;514;1210;559
00140.ppm;1165;513;1210;558
00140.ppm;488;513;533;558
00140.ppm;1165;514;1210;559
00140.ppm;493;517;531;555
00140.ppm;493;517;531;555
00140.ppm;493;517;531;555
00140.ppm;487;518;530;561
00140.ppm;1164;516;1207;559
00140.ppm;492;514;531;553
00140.ppm;1168;515;1216;563
00141.ppm;972;554;1003;585
00141.ppm;968;554;999;585
00141.ppm;973;554;1004;585
00141.ppm;442;559;468;585
00141.ppm;970;556;996;582
00141.ppm;442;560;468;586
00141.ppm;435;560;464;589
00141.ppm;975;557;1001;583
00142.ppm;333;561;371;599
00142.ppm;959;552;997;590
00142.ppm;335;564;366;595
00142.ppm;334;565;365;596
00142.ppm;961;556;992;587
00142.ppm;961;556;992;587
00142.ppm;334;565;365;596
00142.ppm;335;564;366;595
00142.ppm;960;556;991;587
00142.ppm;960;555;991;586
00142.ppm;336;561;372;597
00142.ppm;335;560;375;600
00142.ppm;956;551;996;591
00142.ppm;965;558;991;584
00142.ppm;963;558;989;584
00142.ppm;965;558;991;584
00146.ppm;232;511;286;565
00146.ppm;1134;531;1188;585
00146.ppm;1134;532;1188;586
00146.ppm;237;511;291;565
00146.ppm;231;511;285;565
00146.ppm;1137;530;1191;584
00146.ppm;1135;530;1189;584
00146.ppm;1136;536;1181;581
00146.ppm;236;470;281;515
00146.ppm;236;470;281;515
00146.ppm;1137;536;1182;581
00146.ppm;1141;536;1186;581
00146.ppm;236;470;281;515
00146.ppm;234;471;279;516
00146.ppm;1134;494;1179;539
00146.ppm;1138;497;1176;535
00146.ppm;235;470;277;512
00146.ppm;229;465;281;517
00146.ppm;1138;497;1176;535
00146.ppm;1141;500;1172;531
00146.ppm;1131;490;1174;533
00146.ppm;1131;494;1174;537
00149.ppm;1149;543;1203;597
00149.ppm;1149;543;1203;597
00149.ppm;297;547;351;601
00149.ppm;297;548;351;602
00149.ppm;1150;543;1204;597
00149.ppm;1150;543;1204;597
00149.ppm;301;552;346;597
00149.ppm;1154;549;1199;594
00149.ppm;300;553;345;598
00149.ppm;301;552;346;597
00149.ppm;305;556;343;594
00149.ppm;305;556;343;594
00149.ppm;1157;552;1195;590
00149.ppm;1158;552;1196;590
00149.ppm;1148;537;1205;594
00152.ppm;929;445;983;499
00152.ppm;929;445;983;499
00152.ppm;929;445;983;499
00152.ppm;929;444;983;498
00152.ppm;932;449;977;494
00152.ppm;933;450;978;495
00152.ppm;932;449;977;494
00152.ppm;933;450;978;495
00152.ppm;937;453;975;491
00152.ppm;936;453;974;491
00152.ppm;938;453;976;491
00152.ppm;940;452;979;491
00153.ppm;1014;493;1059;538
00153.ppm;1111;485;1132;506
00155.ppm;849;515;887;553
00155.ppm;849;515;887;553
00155.ppm;851;519;882;550
00155.ppm;851;519;882;550
00155.ppm;851;519;882;550
00155.ppm;851;519;882;550
00155.ppm;854;521;880;547
00155.ppm;854;521;880;547
00155.ppm;853;521;879;547
00155.ppm;852;519;879;546
00155.ppm;852;520;879;547
00157.ppm;1031;467;1071;507
00157.ppm;391;394;406;409
00158.ppm;372;544;410;582
00158.ppm;373;544;411;582
00158.ppm;982;549;1020;587
00158.ppm;980;550;1018;588
00158.ppm;372;513;410;551
00158.ppm;978;519;1016;557
00158.ppm;375;548;406;579
00158.ppm;378;548;409;579
00158.ppm;985;555;1016;586
00158.ppm;983;554;1014;585
00158.ppm;374;518;405;549
00158.ppm;374;517;405;548
00158.ppm;980;523;1011;554
00158.ppm;980;523;1011;554
00158.ppm;375;547;407;579
00158.ppm;985;525;1011;551
00158.ppm;379;548;405;574
00158.ppm;981;525;1010;554
00158.ppm;985;526;1011;552
00158.ppm;1091;509;1113;531
00158.ppm;1091;508;1111;528
00160.ppm;589;558;621;590
00160.ppm;1020;564;1049;593
00160.ppm;591;538;617;564
00160.ppm;1022;543;1048;569
00160.ppm;1023;543;1049;569
00160.ppm;586;559;619;592
00160.ppm;592;562;616;586
00160.ppm;1022;563;1052;593
00160.ppm;1019;565;1049;595
00160.ppm;593;559;620;586
00160.ppm;1023;566;1050;593
00160.ppm;1023;565;1050;592
00160.ppm;595;543;613;561
00160.ppm;595;542;615;562
00160.ppm;1026;548;1044;566
00160.ppm;1024;547;1044;567
00160.ppm;588;536;616;564
00163.ppm;984;528;1040;584
00163.ppm;984;529;1036;581
00163.ppm;1146;483;1164;501
00164.ppm;331;494;369;532
00164.ppm;331;494;369;532
00164.ppm;334;498;365;529
00164.ppm;334;498;365;529
00164.ppm;325;489;373;537
00166.ppm;250;493;295;538
00166.ppm;254;496;292;534
00166.ppm;254;497;292;535
00166.ppm;257;500;288;531
00170.ppm;129;508;160;539
00170.ppm;130;509;161;540
00171.ppm;227;448;253;474
00173.ppm;876;514;902;540
00173.ppm;877;514;903;540
00173.ppm;878;516;900;538
00173.ppm;879;516;901;538
00173.ppm;879;516;901;538
00173.ppm;879;516;901;538
00173.ppm;881;518;899;536
00174.ppm;1044;498;1098;552
00174.ppm;926;514;964;552
00174.ppm;925;513;963;551
00174.ppm;926;513;964;551
00174.ppm;929;518;960;549
00174.ppm;929;518;960;549
00174.ppm;929;518;960;549
00174.ppm;929;517;960;548
00174.ppm;932;520;958;546
00174.ppm;932;519;958;545
00175.ppm;883;484;928;529
00175.ppm;884;485;929;530
00175.ppm;883;484;928;529
00175.ppm;887;487;925;525
00175.ppm;888;488;926;526
00175.ppm;888;487;926;525
00176.ppm;857;502;895;540
00176.ppm;861;507;892;538
00176.ppm;860;507;891;538
00176.ppm;861;507;892;538
00176.ppm;861;506;892;537
00176.ppm;864;509;890;535
00176.ppm;864;509;890;535
00176.ppm;861;505;893;537
00177.ppm;831;525;857;551
00177.ppm;831;524;857;550
00177.ppm;832;525;858;551
00177.ppm;834;527;856;549
00177.ppm;833;527;855;549
00177.ppm;833;527;855;549
00178.ppm;286;516;317;547
00180.ppm;378;560;443;625
00180.ppm;1160;573;1225;638
00180.ppm;1162;573;1227;638
00180.ppm;380;558;445;623
00180.ppm;1163;574;1228;639
00180.ppm;1160;575;1225;640
00180.ppm;1170;578;1224;632
00180.ppm;1171;578;1225;632
00180.ppm;385;563;439;617
00180.ppm;1171;579;1225;633
00180.ppm;1171;578;1225;632
00180.ppm;970;456;992;478
00183.ppm;1309;469;1352;512
00188.ppm;1015;517;1040;542
00188.ppm;1014;518;1039;543
00188.ppm;1261;485;1278;502
00189.ppm;1026;481;1052;507
00189.ppm;1038;509;1066;537
00189.ppm;1028;483;1050;505
00189.ppm;1043;513;1064;534
00189.ppm;1031;482;1052;503
00190.ppm;889;427;918;456
00191.ppm;976;402;1070;496
00191.ppm;976;403;1070;497
00191.ppm;975;404;1069;498
00191.ppm;977;402;1071;496
00191.ppm;984;412;1062;490
00191.ppm;983;412;1061;490
00191.ppm;987;405;1074;492
00191.ppm;990;420;1055;485
00191.ppm;979;412;1051;484
00193.ppm;703;447;807;551
00193.ppm;982;515;1020;553
00194.ppm;847;438;960;551
00194.ppm;831;436;944;549
00194.ppm;1026;516;1064;554
00194.ppm;1026;516;1064;554
00194.ppm;178;563;209;594
00197.ppm;919;478;934;493
00198.ppm;784;545;806;567
00198.ppm;784;545;806;567
00198.ppm;786;547;804;565
00198.ppm;787;547;805;565
00198.ppm;788;549;803;564
00198.ppm;788;549;803;564
00202.ppm;439;480;475;516
00202.ppm;441;478;474;511
00202.ppm;441;478;474;511
00202.ppm;437;486;457;506
00204.ppm;107;547;152;592
00204.ppm;111;553;149;591
00204.ppm;279;399;297;417
00206.ppm;807;407;833;433
00206.ppm;807;407;833;433
00206.ppm;807;407;833;433
00206.ppm;808;409;830;431
00206.ppm;808;409;830;431
00206.ppm;809;409;831;431
00206.ppm;808;409;830;431
00206.ppm;810;412;828;430
00206.ppm;810;412;828;430
00208.ppm;852;466;887;501
00208.ppm;854;463;889;498
00211.ppm;918;465;966;513
00214.ppm;393;582;453;642
00214.ppm;392;580;452;640
00214.ppm;392;580;454;642
00214.ppm;390;583;446;639
00214.ppm;401;587;443;629
00214.ppm;862;532;893;563
00214.ppm;1026;521;1074;569
00214.ppm;1313;577;1346;610
00217.ppm;1023;465;1080;522
00218.ppm;321;469;359;507
00221.ppm;332;441;358;467
00221.ppm;856;443;882;469
00221.ppm;332;442;358;468
00221.ppm;332;441;358;467
00221.ppm;857;443;883;469
00221.ppm;857;443;883;469
00221.ppm;333;443;355;465
00221.ppm;334;444;356;466
00221.ppm;858;445;880;467
00221.ppm;858;445;880;467
00221.ppm;334;443;356;465
00221.ppm;859;445;881;467
00221.ppm;861;447;879;465
00221.ppm;335;446;353;464
00221.ppm;334;444;356;466
00221.ppm;862;447;880;465
00222.ppm;393;462;436;505
00224.ppm;797;384;896;483
00224.ppm;991;452;1060;521
00225.ppm;1081;379;1107;405
00225.ppm;1081;379;1107;405
00225.ppm;1081;379;1107;405
00226.ppm;1231;612;1270;651
00226.ppm;819;449;845;475
00226.ppm;1068;514;1086;532
00228.ppm;1306;422;1339;455
00229.ppm;551;399;577;425
00229.ppm;551;398;577;424
00229.ppm;553;400;575;422
00231.ppm;970;368;1015;413
00231.ppm;971;368;1016;413
00231.ppm;970;369;1015;414
00231.ppm;974;372;1012;410
00231.ppm;975;372;1013;410
00231.ppm;977;376;1008;407
00231.ppm;978;376;1009;407
00231.ppm;971;366;1014;409
00232.ppm;1116;544;1133;561
00233.ppm;776;334;821;379
00233.ppm;776;334;821;379
00233.ppm;776;333;821;378
00233.ppm;776;334;821;379
00233.ppm;780;337;818;375
00233.ppm;780;338;818;376
00238.ppm;441;418;472;449
00238.ppm;441;419;472;450
00238.ppm;441;418;472;449
00238.ppm;441;418;472;449
00238.ppm;1066;382;1097;413
00238.ppm;1067;382;1098;413
00238.ppm;444;420;470;446
00238.ppm;444;420;470;446
00238.ppm;1069;385;1095;411
00238.ppm;1069;385;1095;411
00238.ppm;444;420;470;446
00238.ppm;1069;384;1095;410
00238.ppm;1070;384;1096;410
00238.ppm;446;422;468;444
00238.ppm;446;423;470;447
00238.ppm;1071;387;1093;409
00238.ppm;1071;387;1093;409
00239.ppm;300;405;354;459
00239.ppm;300;405;354;459
00239.ppm;304;411;349;456
00239.ppm;304;410;349;455
00239.ppm;303;410;348;455
00239.ppm;1234;344;1279;389
00239.ppm;1233;346;1278;391
00239.ppm;301;365;346;410
00239.ppm;305;369;343;407
00239.ppm;306;369;344;407
00239.ppm;305;369;343;407
00239.ppm;304;369;342;407
00239.ppm;1237;303;1275;341
00239.ppm;301;371;344;414
00239.ppm;309;373;340;404
00240.ppm;1226;456;1252;482
00241.ppm;318;533;354;569
00243.ppm;240;491;266;517
00243.ppm;332;492;350;510
00243.ppm;509;462;524;477
00246.ppm;369;379;414;424
00246.ppm;369;379;414;424
00246.ppm;1087;345;1132;390
00246.ppm;1087;345;1132;390
00246.ppm;1087;345;1132;390
00246.ppm;372;382;410;420
00246.ppm;373;382;411;420
00246.ppm;1091;348;1129;386
00246.ppm;373;382;411;420
00246.ppm;373;382;411;420
00246.ppm;1091;347;1129;385
00246.ppm;376;386;407;417
00246.ppm;375;386;406;417
00246.ppm;376;385;407;416
00246.ppm;1094;352;1125;383
00246.ppm;1093;352;1124;383
00246.ppm;1094;352;1125;383
00246.ppm;379;388;405;414
00246.ppm;379;388;405;414
00246.ppm;1097;354;1126;383
00246.ppm;379;389;405;415
00246.ppm;379;389;405;415
00246.ppm;948;459;963;474
00247.ppm;1312;529;1357;574
00248.ppm;945;345;983;383
00248.ppm;946;346;984;384
00248.ppm;945;347;983;385
00248.ppm;529;455;550;476
00250.ppm;971;372;1009;410
00250.ppm;352;506;383;537
00250.ppm;352;501;383;532
00250.ppm;1189;506;1220;537
00250.ppm;973;375;1004;406
00250.ppm;973;375;1004;406
00250.ppm;1191;504;1220;533
00250.ppm;1192;508;1218;534
00250.ppm;976;377;1002;403
00250.ppm;976;377;1002;403
00250.ppm;976;377;1002;403
00250.ppm;976;377;1002;403
00250.ppm;1194;509;1221;536
00251.ppm;1092;313;1146;367
00251.ppm;1092;314;1146;368
00251.ppm;1096;318;1141;363
00251.ppm;1096;319;1141;364
00255.ppm;780;550;837;607
00262.ppm;277;418;371;512
00262.ppm;278;416;372;510
00262.ppm;287;426;365;504
00262.ppm;284;424;362;502
00262.ppm;288;424;366;502
00262.ppm;278;415;377;514
00262.ppm;292;433;357;498
00262.ppm;853;432;918;497
00262.ppm;271;408;370;507
00262.ppm;289;438;349;498
00262.ppm;279;426;362;509
00262.ppm;278;417;361;500
00266.ppm;999;394;1037;432
00266.ppm;1004;397;1035;428
00266.ppm;1000;398;1035;433
00266.ppm;1002;397;1034;429
00266.ppm;1004;398;1033;427
00266.ppm;1006;398;1033;425
00266.ppm;997;399;1030;432
00266.ppm;1002;399;1029;426
00270.ppm;943;474;974;505
00270.ppm;568;456;590;478
00270.ppm;1029;440;1051;462
00270.ppm;1029;440;1051;462
00270.ppm;568;456;590;478
00270.ppm;1029;440;1051;462
00270.ppm;1028;440;1050;462
00270.ppm;571;458;589;476
00270.ppm;571;458;589;476
00270.ppm;1030;442;1048;460
00270.ppm;1031;442;1049;460
00270.ppm;570;458;588;476
00270.ppm;1030;442;1048;460
00270.ppm;1031;443;1049;461
00270.ppm;1032;445;1047;460
00270.ppm;1032;445;1047;460
00271.ppm;370;404;415;449
00271.ppm;370;405;415;450
00271.ppm;1269;380;1314;425
00271.ppm;1269;379;1314;424
00271.ppm;374;407;412;445
00271.ppm;374;408;412;446
00271.ppm;1274;383;1312;421
00271.ppm;1274;383;1312;421
00271.ppm;373;407;411;445
00271.ppm;1273;383;1311;421
00271.ppm;1273;384;1311;422
00271.ppm;377;412;408;443
00271.ppm;1277;388;1308;419
00271.ppm;377;412;408;443
00271.ppm;377;411;408;442
00271.ppm;1276;387;1307;418
00271.ppm;1276;386;1307;417
00271.ppm;371;406;411;446
00271.ppm;375;411;411;447
00271.ppm;372;404;412;444
00271.ppm;371;407;407;443
00272.ppm;316;414;354;452
00272.ppm;314;415;352;453
00272.ppm;930;402;972;444
00272.ppm;936;406;974;444
00272.ppm;936;405;974;443
00272.ppm;318;419;349;450
00272.ppm;319;420;350;451
00272.ppm;941;410;972;441
00272.ppm;939;405;974;440
00272.ppm;318;420;349;451
00272.ppm;319;419;350;450
00272.ppm;939;410;970;441
00272.ppm;939;410;970;441
00272.ppm;319;419;348;448
00274.ppm;937;508;966;537
00276.ppm;465;469;491;495
00276.ppm;465;469;491;495
00276.ppm;465;470;491;496
00276.ppm;465;469;491;495
00276.ppm;468;471;490;493
00276.ppm;775;477;797;499
00276.ppm;467;471;489;493
00276.ppm;467;471;489;493
00276.ppm;774;477;796;499
00276.ppm;775;477;797;499
00276.ppm;777;479;795;497
00276.ppm;776;479;794;497
00276.ppm;777;479;795;497
00278.ppm;980;510;1034;564
00279.ppm;979;503;1039;563
00279.ppm;979;500;1033;554
00279.ppm;984;497;1040;553
00281.ppm;1126;557;1171;602
00281.ppm;1126;557;1171;602
00281.ppm;1126;557;1171;602
00281.ppm;477;545;515;583
00281.ppm;1129;560;1167;598
00281.ppm;1129;560;1167;598
00281.ppm;477;545;515;583
00281.ppm;479;548;510;579
00281.ppm;480;549;511;580
00281.ppm;1132;564;1163;595
00281.ppm;1132;564;1163;595
00281.ppm;480;549;511;580
00281.ppm;1132;565;1163;596
00281.ppm;1133;566;1165;598
00281.ppm;483;551;509;577
00282.ppm;240;544;318;622
00282.ppm;242;544;320;622
00282.ppm;242;543;320;621
00282.ppm;247;550;312;615
00282.ppm;246;551;311;616
00282.ppm;247;550;312;615
00282.ppm;247;549;312;614
00282.ppm;245;559;305;619
00282.ppm;250;547;317;614
00282.ppm;238;545;321;628
00282.ppm;254;567;285;598
00284.ppm;849;473;894;518
00284.ppm;851;509;889;547
00284.ppm;853;476;891;514
00284.ppm;851;512;886;547
00284.ppm;845;508;888;551
00284.ppm;856;480;887;511
00284.ppm;855;480;886;511
00284.ppm;1009;480;1048;519
00286.ppm;816;540;842;566
00286.ppm;813;516;839;542
00286.ppm;813;516;839;542
00286.ppm;1321;385;1357;421
00286.ppm;813;541;837;565
00286.ppm;815;518;837;540
00286.ppm;815;539;839;563
00286.ppm;815;518;837;540
00286.ppm;1226;424;1259;457
00286.ppm;1125;485;1143;503
00286.ppm;1079;483;1094;498
00286.ppm;1120;500;1137;517
00288.ppm;995;318;1049;372
00288.ppm;1020;463;1040;483
00288.ppm;1019;461;1041;483
00288.ppm;1017;459;1040;482
00289.ppm;687;529;713;555
00289.ppm;688;529;714;555
00289.ppm;688;529;714;555
00289.ppm;690;531;712;553
00289.ppm;689;531;711;553
00289.ppm;688;527;715;554
00289.ppm;687;528;715;556
00289.ppm;691;533;709;551
00291.ppm;1169;511;1207;549
00291.ppm;472;556;494;578
00291.ppm;474;558;492;576
00291.ppm;474;558;492;576
00291.ppm;474;558;492;576
00291.ppm;747;552;765;570
00291.ppm;837;448;855;466
00291.ppm;475;557;492;574
00291.ppm;475;560;490;575
00291.ppm;475;559;490;574
00291.ppm;748;554;763;569
00292.ppm;363;396;378;411
00292.ppm;363;396;378;411
00294.ppm;1089;527;1134;572
00294.ppm;1088;527;1133;572
00294.ppm;383;522;421;560
00294.ppm;1092;530;1130;568
00294.ppm;383;523;421;561
00294.ppm;384;522;422;560
00294.ppm;1093;530;1131;568
00294.ppm;387;526;418;557
00294.ppm;1095;534;1126;565
00294.ppm;1096;534;1127;565
00294.ppm;386;526;417;557
00294.ppm;1096;534;1127;565
00294.ppm;390;528;416;554
00294.ppm;389;528;415;554
00294.ppm;389;528;415;554
00294.ppm;392;530;414;552
00294.ppm;392;530;414;552
00295.ppm;957;411;1022;476
00295.ppm;188;480;242;534
00295.ppm;189;478;243;532
00295.ppm;962;415;1016;469
00295.ppm;963;415;1017;469
00295.ppm;963;415;1017;469
00295.ppm;963;415;1017;469
00295.ppm;192;483;237;528
00295.ppm;192;484;237;529
00295.ppm;966;420;1011;465
00295.ppm;192;484;237;529
00295.ppm;192;484;237;529
00295.ppm;966;420;1011;465
00295.ppm;967;421;1012;466
00295.ppm;196;487;234;525
00295.ppm;196;487;234;525
00295.ppm;196;486;234;524
00295.ppm;197;486;235;524
00295.ppm;970;424;1012;466
00295.ppm;971;423;1009;461
00298.ppm;814;508;852;546
00298.ppm;814;508;852;546
00298.ppm;814;507;852;545
00298.ppm;814;508;852;546
00298.ppm;323;506;354;537
00298.ppm;323;506;354;537
00298.ppm;817;511;848;542
00298.ppm;323;505;354;536
00298.ppm;322;506;353;537
00298.ppm;817;511;848;542
00298.ppm;817;512;848;543
00298.ppm;316;501;356;541
00298.ppm;325;508;351;534
00298.ppm;820;514;846;540
00298.ppm;820;514;846;540
00298.ppm;326;502;350;526
