00002.ppm;442;543;473;574
00003.ppm;363;446;417;500
00005.ppm;167;511;205;549
00005.ppm;844;500;882;538
00005.ppm;847;504;878;535
00005.ppm;847;504;878;535
00006.ppm;452;540;467;555
00009.ppm;310;514;341;545
00009.ppm;809;508;840;539
00009.ppm;313;516;339;542
00009.ppm;812;511;838;537
00010.ppm;915;553;937;575
00010.ppm;917;555;935;573
00010.ppm;1132;477;1147;492
00011.ppm;836;486;874;524
00011.ppm;841;523;872;554
00011.ppm;838;490;869;521
00013.ppm;1130;561;1168;599
00013.ppm;479;548;510;579
00013.ppm;1133;565;1164;596
00013.ppm;1132;565;1163;596
00015.ppm;885;567;921;603
00015.ppm;389;574;411;596
00015.ppm;388;573;412;597
00017.ppm;833;479;855;501
00020.ppm;864;429;890;455
00021.ppm;781;444;807;470
00023.ppm;976;378;1030;432
00024.ppm;819;464;845;490
00025.ppm;1042;385;1096;439
00026.ppm;852;441;897;486
00026.ppm;857;404;895;442
00031.ppm;799;480;830;511
00034.ppm;529;376;567;414
00035.ppm;822;422;867;467
00038.ppm;913;376;951;414
00040.ppm;1106;357;1171;422
00045.ppm;1034;312;1088;366
00046.ppm;808;429;844;465
00046.ppm;820;417;852;449
00047.ppm;657;413;700;456
00051.ppm;799;404;853;458
00051.ppm;802;409;847;454
00052.ppm;351;499;386;534
00054.ppm;450;475;476;501
00056.ppm;574;463;600;489
00057.ppm;993;403;1024;434
00059.ppm;994;432;1032;470
00060.ppm;942;422;980;460
00061.ppm;1141;402;1167;428
00064.ppm;849;438;880;469
00065.ppm;558;473;576;491
00067.ppm;737;445;763;471
00067.ppm;739;447;761;469
00067.ppm;739;448;761;470
00069.ppm;895;393;949;447
00069.ppm;899;398;944;443
00069.ppm;309;492;348;531
00070.ppm;997;307;1062;372
00071.ppm;849;397;880;428
00074.ppm;717;373;748;404
00077.ppm;526;478;557;509
00080.ppm;903;399;948;444
00080.ppm;989;605;1020;636
00080.ppm;499;495;530;526
00081.ppm;819;435;845;461
00083.ppm;387;453;413;479
00083.ppm;889;450;915;476
00086.ppm;375;436;413;474
00086.ppm;378;441;409;472
00090.ppm;774;505;800;531
00091.ppm;468;491;490;513
00091.ppm;884;492;906;514
00091.ppm;884;493;906;515
00091.ppm;470;492;488;510
00091.ppm;886;495;904;513
00091.ppm;885;494;906;515
00092.ppm;1048;354;1093;399
00093.ppm;984;385;1022;423
00093.ppm;987;390;1018;421
00098.ppm;738;415;764;441
00099.ppm;728;416;754;442
00101.ppm;1042;398;1087;443
00103.ppm;1002;362;1040;400
00104.ppm;767;413;793;439
00105.ppm;953;342;991;380
00106.ppm;866;373;897;404
00107.ppm;905;383;943;421
00112.ppm;931;361;985;415
00116.ppm;821;340;866;385
00117.ppm;834;434;860;460
00117.ppm;836;437;858;459
00119.ppm;931;390;969;428
00119.ppm;934;395;965;426
00119.ppm;1285;469;1311;495
00121.ppm;1059;505;1090;536
00123.ppm;694;424;716;446
00129.ppm;536;491;567;522
00130.ppm;467;444;512;489
00130.ppm;1055;520;1081;546
00133.ppm;505;425;543;463
00133.ppm;934;523;965;554
00133.ppm;509;430;540;461
00133.ppm;937;525;963;551
00133.ppm;934;520;967;553
00133.ppm;939;526;961;548
00134.ppm;1096;458;1161;523
00140.ppm;1160;509;1214;563
00140.ppm;489;514;534;559
00140.ppm;1165;514;1210;559
00140.ppm;1165;514;1210;559
00141.ppm;967;552;1003;588
00141.ppm;442;560;468;586
00141.ppm;975;557;1001;583
00142.ppm;334;564;365;595
00142.ppm;334;565;365;596
00142.ppm;960;556;991;587
00142.ppm;965;558;991;584
00146.ppm;232;511;286;565
00146.ppm;1137;530;1191;584
00146.ppm;1141;536;1186;581
00146.ppm;234;471;279;516
00146.ppm;1135;493;1180;538
00146.ppm;1141;501;1172;532
00149.ppm;1154;549;1199;594
00149.ppm;301;553;346;598
00149.ppm;1148;541;1200;593
00152.ppm;937;453;975;491
00153.ppm;1014;493;1059;538
00155.ppm;854;521;880;547
00155.ppm;853;521;879;547
00158.ppm;373;544;411;582
00158.ppm;982;550;1020;588
00158.ppm;372;513;410;551
00158.ppm;978;519;1016;557
00158.ppm;378;548;409;579
00158.ppm;983;554;1018;589
00158.ppm;374;517;405;548
00158.ppm;980;523;1011;554
00158.ppm;985;525;1011;551
00158.ppm;985;526;1011;552
00158.ppm;1092;511;1110;529
00160.ppm;591;560;620;589
00160.ppm;1017;562;1049;594
00160.ppm;591;538;617;564
00160.ppm;1023;543;1049;569
00160.ppm;1023;567;1050;594
00163.ppm;985;530;1037;582
00163.ppm;1146;483;1164;501
00164.ppm;331;494;369;532
00166.ppm;254;497;292;535
00171.ppm;227;448;253;474
00173.ppm;877;514;903;540
00174.ppm;929;517;960;548
00175.ppm;883;484;928;529
00175.ppm;888;488;926;526
00176.ppm;861;507;892;538
00177.ppm;833;527;855;549
00178.ppm;284;509;319;544
00180.ppm;379;558;444;623
00180.ppm;1171;578;1225;632
00180.ppm;1171;578;1225;632
00180.ppm;970;456;992;478
00183.ppm;1307;467;1350;510
00188.ppm;1016;523;1036;543
00189.ppm;1038;508;1066;536
00189.ppm;1027;483;1052;508
00189.ppm;1045;514;1062;531
00189.ppm;1029;483;1052;506
00190.ppm;892;431;921;460
00191.ppm;983;412;1061;490
00191.ppm;989;418;1054;483
00193.ppm;982;515;1020;553
00194.ppm;1026;516;1064;554
00194.ppm;178;563;209;594
00194.ppm;181;513;209;541
00197.ppm;919;478;934;493
00198.ppm;787;547;805;565
00202.ppm;441;478;474;511
00204.ppm;111;553;149;591
00204.ppm;273;395;301;423
00205.ppm;1262;535;1281;554
00206.ppm;808;409;830;431
00214.ppm;397;584;444;631
00214.ppm;1025;520;1073;568
00214.ppm;1318;584;1345;611
00218.ppm;321;469;359;507
00221.ppm;857;443;883;469
00221.ppm;333;443;355;465
00221.ppm;859;445;881;467
00221.ppm;862;447;880;465
00222.ppm;396;464;435;503
00224.ppm;1004;463;1054;513
00226.ppm;1229;617;1268;656
00226.ppm;819;449;845;475
00226.ppm;1067;514;1085;532
00229.ppm;553;400;575;422
00231.ppm;975;371;1013;409
00232.ppm;1113;543;1134;564
00233.ppm;780;337;818;375
00238.ppm;1019;525;1062;568
00238.ppm;441;417;472;448
00238.ppm;1067;382;1098;413
00238.ppm;1069;385;1095;411
00238.ppm;1070;384;1096;410
00238.ppm;1071;387;1093;409
00239.ppm;303;410;348;455
00239.ppm;305;369;343;407
00240.ppm;1226;455;1252;481
00241.ppm;314;532;357;575
00243.ppm;240;491;266;517
00243.ppm;332;492;350;510
00246.ppm;373;382;411;420
00246.ppm;1091;348;1129;386
00246.ppm;1091;347;1129;385
00246.ppm;376;385;407;416
00246.ppm;379;388;405;414
00246.ppm;379;389;405;415
00247.ppm;1298;518;1354;574
00247.ppm;1141;408;1197;464
00247.ppm;1146;407;1168;429
00248.ppm;945;347;983;385
00250.ppm;352;501;383;532
00250.ppm;973;375;1004;406
00250.ppm;1192;508;1218;534
00250.ppm;1190;508;1220;538
00251.ppm;1096;319;1141;364
00262.ppm;292;431;357;496
00262.ppm;853;432;918;497
00262.ppm;291;432;351;492
00266.ppm;1002;400;1031;429
00270.ppm;943;474;974;505
00270.ppm;568;456;590;478
00270.ppm;1029;440;1051;462
00270.ppm;1031;442;1049;460
00271.ppm;1274;383;1312;421
00271.ppm;373;407;411;445
00271.ppm;1273;384;1311;422
00271.ppm;377;412;408;443
00271.ppm;377;412;408;443
00271.ppm;372;410;408;446
00272.ppm;936;406;974;444
00272.ppm;318;419;349;450
00272.ppm;318;419;349;450
00272.ppm;939;409;970;440
00276.ppm;465;469;491;495
00276.ppm;775;477;797;499
00276.ppm;467;471;489;493
00276.ppm;775;477;797;499
00279.ppm;977;494;1037;554
00281.ppm;1129;560;1167;598
00281.ppm;480;549;511;580
00281.ppm;1132;564;1163;595
00281.ppm;1132;565;1163;596
00281.ppm;483;551;509;577
00282.ppm;247;549;312;614
00282.ppm;254;566;285;597
00284.ppm;851;509;889;547
00284.ppm;853;476;891;514
00284.ppm;855;480;886;511
00284.ppm;1009;480;1048;519
00286.ppm;816;539;842;565
00286.ppm;813;516;839;542
00286.ppm;815;540;839;564
00286.ppm;815;518;837;540
00286.ppm;815;518;837;540
00286.ppm;1125;485;1143;503
00286.ppm;1079;483;1094;498
00288.ppm;1019;462;1041;484
00289.ppm;690;531;712;553
00291.ppm;474;558;492;576
00291.ppm;747;552;765;570
00293.ppm;219;482;240;503
00294.ppm;1092;530;1130;568
00294.ppm;383;523;421;561
00294.ppm;1093;530;1131;568
00294.ppm;387;526;418;557
00294.ppm;386;526;417;557
00294.ppm;389;528;415;554
00295.ppm;967;421;1012;466
00295.ppm;196;487;234;525
00295.ppm;197;486;235;524
00295.ppm;971;423;1009;461
00298.ppm;814;507;852;545
00298.ppm;323;506;354;537
00298.ppm;322;506;353;537
00298.ppm;325;508;351;534
00298.ppm;326;501;350;525
