00002.ppm;442;544;473;575
00003.ppm;363;446;417;500
00005.ppm;167;511;205;549
00005.ppm;844;499;882;537
00005.ppm;847;504;878;535
00005.ppm;847;504;878;535
00006.ppm;452;540;467;555
00009.ppm;310;514;341;545
00009.ppm;809;508;840;539
00009.ppm;313;516;339;542
00009.ppm;812;511;838;537
00011.ppm;836;486;874;524
00011.ppm;841;523;872;554
00011.ppm;838;490;869;521
00013.ppm;1130;561;1168;599
00013.ppm;479;548;510;579
00013.ppm;1133;565;1164;596
00013.ppm;1132;565;1163;596
00015.ppm;389;575;411;597
00017.ppm;834;479;854;499
00020.ppm;864;429;890;455
00021.ppm;781;444;807;470
00023.ppm;976;379;1030;433
00024.ppm;819;464;845;490
00025.ppm;1042;385;1096;439
00026.ppm;852;441;897;486
00026.ppm;857;404;895;442
00031.ppm;799;480;830;511
00034.ppm;529;375;567;413
00035.ppm;822;422;867;467
00045.ppm;1034;312;1088;366
00046.ppm;823;424;849;450
00047.ppm;660;414;699;453
00051.ppm;799;404;853;458
00051.ppm;802;409;847;454
00054.ppm;450;476;476;502
00057.ppm;993;403;1024;434
00059.ppm;994;432;1032;470
00060.ppm;942;422;980;460
00061.ppm;1141;402;1167;428
00064.ppm;849;438;880;469
00067.ppm;739;448;761;470
00069.ppm;895;392;949;446
00069.ppm;899;398;944;443
00070.ppm;997;307;1062;372
00071.ppm;849;397;880;428
00080.ppm;903;400;948;445
00080.ppm;989;605;1020;636
00081.ppm;819;434;845;460
00083.ppm;387;453;413;479
00083.ppm;889;450;915;476
00086.ppm;375;436;413;474
00086.ppm;378;441;409;472
00090.ppm;774;505;800;531
00091.ppm;468;491;490;513
00091.ppm;884;492;906;514
00091.ppm;884;493;906;515
00091.ppm;470;492;488;510
00091.ppm;886;495;904;513
00093.ppm;984;385;1022;423
00093.ppm;987;389;1018;420
00098.ppm;738;415;764;441
00099.ppm;728;416;754;442
00101.ppm;1041;398;1086;443
00103.ppm;1002;362;1040;400
00105.ppm;953;342;991;380
00107.ppm;905;383;943;421
00112.ppm;931;361;985;415
00116.ppm;821;340;866;385
00117.ppm;834;434;860;460
00117.ppm;836;437;858;459
00119.ppm;931;390;969;428
00119.ppm;934;395;965;426
00119.ppm;1283;468;1312;497
00129.ppm;536;491;567;522
00130.ppm;467;444;512;489
00130.ppm;1055;520;1081;546
00133.ppm;506;425;544;463
00133.ppm;934;523;965;554
00133.ppm;509;430;540;461
00133.ppm;937;525;963;551
00133.ppm;937;520;970;553
00134.ppm;1096;458;1161;523
00140.ppm;1160;509;1214;563
00140.ppm;489;514;534;559
00140.ppm;1165;514;1210;559
00140.ppm;1165;514;1210;559
00141.ppm;969;555;1005;591
00141.ppm;442;560;468;586
00141.ppm;975;557;1001;583
00142.ppm;334;564;365;595
00142.ppm;334;565;365;596
00142.ppm;960;556;991;587
00146.ppm;237;510;291;564
00146.ppm;1136;530;1190;584
00146.ppm;1141;536;1186;581
00146.ppm;235;471;280;516
00146.ppm;1134;493;1179;538
00146.ppm;1141;500;1172;531
00149.ppm;1154;548;1199;593
00149.ppm;301;553;346;598
00149.ppm;1149;544;1196;591
00152.ppm;937;453;975;491
00155.ppm;854;521;880;547
00155.ppm;853;521;879;547
00158.ppm;372;544;410;582
00158.ppm;983;549;1021;587
00158.ppm;372;513;410;551
00158.ppm;978;519;1016;557
00158.ppm;378;548;409;579
00158.ppm;983;554;1014;585
00158.ppm;374;517;405;548
00158.ppm;980;523;1011;554
00158.ppm;985;525;1011;551
00158.ppm;985;526;1011;552
00160.ppm;1019;562;1051;594
00160.ppm;591;538;617;564
00160.ppm;1023;543;1049;569
00160.ppm;1026;548;1044;566
00166.ppm;254;497;292;535
00171.ppm;227;448;253;474
00173.ppm;877;514;903;540
00174.ppm;929;517;960;548
00175.ppm;883;485;928;530
00175.ppm;888;488;926;526
00176.ppm;861;506;892;537
00177.ppm;833;527;855;549
00180.ppm;379;559;444;624
00180.ppm;1171;578;1225;632
00183.ppm;1311;487;1342;518
00188.ppm;1017;521;1037;541
00189.ppm;1043;512;1065;534
00189.ppm;1032;485;1051;504
00191.ppm;990;420;1055;485
00194.ppm;178;563;209;594
00202.ppm;443;479;473;509
00204.ppm;111;553;149;591
00206.ppm;808;409;830;431
00214.ppm;398;587;445;634
00221.ppm;857;443;883;469
00221.ppm;333;443;355;465
00221.ppm;859;445;881;467
00226.ppm;819;449;845;475
00226.ppm;1067;514;1085;532
00231.ppm;975;371;1013;409
00238.ppm;441;417;472;448
00238.ppm;1066;382;1097;413
00238.ppm;1069;385;1095;411
00239.ppm;303;410;348;455
00239.ppm;304;369;342;407
00243.ppm;239;491;265;517
00243.ppm;332;492;350;510
00246.ppm;373;382;411;420
00246.ppm;1091;347;1129;385
00246.ppm;376;385;407;416
00246.ppm;379;388;405;414
00246.ppm;379;389;405;415
00247.ppm;1126;375;1211;460
00250.ppm;973;375;1004;406
00250.ppm;1192;508;1218;534
00262.ppm;294;437;354;497
00266.ppm;1001;400;1030;429
00270.ppm;1031;442;1049;460
00271.ppm;1274;383;1312;421
00271.ppm;373;407;411;445
00271.ppm;1273;384;1311;422
00271.ppm;377;412;408;443
00271.ppm;377;412;408;443
00271.ppm;373;413;405;445
00272.ppm;936;406;974;444
00272.ppm;318;420;349;451
00272.ppm;318;419;349;450
00272.ppm;939;409;970;440
00276.ppm;465;469;491;495
00276.ppm;775;477;797;499
00276.ppm;467;471;489;493
00276.ppm;775;477;797;499
00279.ppm;978;494;1038;554
00281.ppm;1129;560;1167;598
00281.ppm;480;549;511;580
00281.ppm;1132;564;1163;595
00281.ppm;1132;565;1163;596
00282.ppm;247;549;312;614
00282.ppm;254;567;285;598
00284.ppm;851;509;889;547
00284.ppm;853;476;891;514
00284.ppm;855;480;886;511
00286.ppm;816;539;842;565
00286.ppm;813;516;839;542
00286.ppm;815;518;837;540
00286.ppm;815;518;837;540
00289.ppm;690;531;712;553
00294.ppm;1093;530;1131;568
00294.ppm;387;526;418;557
00294.ppm;386;526;417;557
00294.ppm;389;529;415;555
00295.ppm;967;421;1012;466
00295.ppm;196;487;234;525
00295.ppm;197;486;235;524
00295.ppm;971;423;1009;461
00298.ppm;814;507;852;545
00298.ppm;323;505;354;536
00298.ppm;322;506;353;537
00298.ppm;325;508;351;534
00298.ppm;325;501;349;525
