00002.ppm;442;543;473;574
00005.ppm;167;511;205;549
00005.ppm;844;500;882;538
00005.ppm;847;504;878;535
00005.ppm;847;504;878;535
00009.ppm;310;514;341;545
00009.ppm;809;508;840;539
00009.ppm;812;511;838;537
00011.ppm;841;523;872;554
00011.ppm;838;490;869;521
00013.ppm;479;548;510;579
00013.ppm;1132;565;1163;596
00023.ppm;976;379;1030;433
00026.ppm;857;404;895;442
00031.ppm;799;481;830;512
00057.ppm;993;403;1024;434
00059.ppm;993;432;1031;470
00060.ppm;942;422;980;460
00061.ppm;1141;402;1167;428
00064.ppm;849;438;880;469
00069.ppm;899;398;944;443
00071.ppm;849;397;880;428
00080.ppm;903;400;948;445
00086.ppm;378;441;409;472
00091.ppm;470;492;488;510
00093.ppm;984;385;1022;423
00101.ppm;1042;398;1087;443
00107.ppm;905;382;943;420
00119.ppm;931;390;969;428
00119.ppm;934;395;965;426
00130.ppm;467;444;512;489
00130.ppm;1055;520;1081;546
00133.ppm;509;430;540;461
00133.ppm;937;525;963;551
00140.ppm;489;514;534;559
00140.ppm;1165;514;1210;559
00140.ppm;1165;514;1210;559
00142.ppm;960;556;991;587
00146.ppm;1141;536;1186;581
00146.ppm;234;471;279;516
00146.ppm;1134;494;1179;539
00149.ppm;301;552;346;597
00152.ppm;937;453;975;491
00155.ppm;854;521;880;547
00155.ppm;853;521;879;547
00158.ppm;372;544;410;582
00158.ppm;372;513;410;551
00158.ppm;978;519;1016;557
00158.ppm;983;555;1014;586
00158.ppm;374;517;405;548
00158.ppm;980;523;1011;554
00160.ppm;1023;543;1049;569
00166.ppm;254;496;292;534
00173.ppm;877;514;903;540
00174.ppm;929;517;960;548
00175.ppm;888;488;926;526
00176.ppm;861;507;892;538
00246.ppm;376;385;407;416
00271.ppm;1273;384;1311;422
00271.ppm;377;412;408;443
00272.ppm;936;406;974;444
00272.ppm;939;409;970;440
00276.ppm;467;471;489;493
00281.ppm;1129;560;1167;598
00281.ppm;480;549;511;580
00284.ppm;851;509;889;547
00284.ppm;853;476;891;514
00284.ppm;855;480;886;511
00286.ppm;815;518;837;540
00294.ppm;1093;530;1131;568
00294.ppm;387;526;418;557
00294.ppm;386;527;417;558
00294.ppm;389;528;415;554
00295.ppm;967;421;1012;466
00295.ppm;197;486;235;524
00298.ppm;814;507;852;545
00298.ppm;323;506;354;537
00298.ppm;322;506;353;537
00298.ppm;325;508;351;534
