0 7
0 8
0 9
0 10
0 11
0 12
0 13
1 7
1 8
1 9
1 10
1 11
1 12
1 13
2 7
2 8
2 9
2 10
2 11
2 12
2 13
3 7
3 8
3 9
3 10
3 11
3 12
3 13
4 7
4 8
4 9
4 10
4 11
4 12
4 13
5 7
5 8
5 9
5 10
5 11
5 12
5 13
6 7
6 8
6 9
6 10
6 11
6 12
6 13
7 7
7 8
7 9
7 10
7 11
7 12
7 13
8 7
8 8
8 9
8 10
8 11
8 12
8 13
9 7
9 8
9 9
9 10
9 11
9 12
9 13
10 7
10 8
10 9
10 10
10 11
10 12
10 13
11 7
11 8
11 9
11 10
11 11
11 12
11 13
12 7
12 8
12 9
12 10
12 11
12 12
12 13
13 7
13 8
13 9
13 10
13 11
13 12
13 13
14 7
14 8
14 9
14 10
14 11
14 12
14 13
15 7
15 8
15 9
15 10
15 11
15 12
15 13
16 7
16 8
16 9
16 10
16 11
16 12
16 13
17 7
17 8
17 9
17 10
17 11
17 12
17 13
18 7
18 8
18 9
18 10
18 11
18 12
18 13
19 7
19 8
19 9
19 10
19 11
19 12
19 13
20 7
20 8
20 9
20 10
20 11
20 12
20 13
21 7
21 8
21 9
21 10
21 11
21 12
21 13
22 7
22 8
22 9
22 10
22 11
22 12
22 13
23 7
23 8
23 9
23 10
23 11
23 12
23 13
24 7
24 8
24 9
24 10
24 11
24 12
24 13
25 7
25 8
25 9
25 10
25 11
25 12
25 13
26 7
26 8
26 9
26 10
26 11
26 12
26 13
27 7
27 8
27 9
27 10
27 11
27 12
27 13
28 7
28 8
28 9
28 10
28 11
28 12
28 13
29 7
29 8
29 9
29 10
29 11
29 12
29 13
30 7
30 8
30 9
30 10
30 11
30 12
30 13
31 7
31 8
31 9
31 10
31 11
31 12
31 13
32 7
32 8
32 9
32 10
32 11
32 12
32 13
33 7
33 8
33 9
33 10
33 11
33 12
33 13
34 7
34 8
34 9
34 10
34 11
34 12
34 13
35 7
35 8
35 9
35 10
35 11
35 12
35 13
36 7
36 8
36 9
36 10
36 11
36 12
36 13
37 7
37 8
37 9
37 10
37 11
37 12
37 13
38 7
38 8
38 9
38 10
38 11
38 12
38 13
39 7
39 8
39 9
39 10
39 11
39 12
39 13
40 7
40 8
40 9
40 10
40 11
40 12
40 13
41 7
41 8
41 9
41 10
41 11
41 12
41 13
42 7
42 8
42 9
42 10
42 11
42 12
42 13
43 7
43 8
43 9
43 10
43 11
43 12
43 13
44 7
44 8
44 9
44 10
44 11
44 12
44 13
45 7
45 8
45 9
45 10
45 11
45 12
45 13
46 7
46 8
46 9
46 10
46 11
46 12
46 13
47 7
47 8
47 9
47 10
47 11
47 12
47 13
48 7
48 8
48 9
48 10
48 11
48 12
48 13
49 7
49 8
49 9
49 10
49 11
49 12
49 13
50 7
50 8
50 9
50 10
50 11
50 12
50 13
51 7
51 8
51 9
51 10
51 11
51 12
51 13
52 7
52 8
52 9
52 10
52 11
52 12
52 13
53 7
53 8
53 9
53 10
53 11
53 12
53 13
54 7
54 8
54 9
54 10
54 11
54 12
54 13
55 7
55 8
55 9
55 10
55 11
55 12
55 13
56 7
56 8
56 9
56 10
56 11
56 12
56 13
57 7
57 8
57 9
57 10
57 11
57 12
57 13
58 7
58 8
58 9
58 10
58 11
58 12
58 13
59 7
59 8
59 9
59 10
59 11
59 12
59 13
60 7
60 8
60 9
60 10
60 11
60 12
60 13
61 7
61 8
61 9
61 10
61 11
61 12
61 13
62 7
62 8
62 9
62 10
62 11
62 12
62 13
63 7
63 8
63 9
63 10
63 11
63 12
63 13
64 7
64 8
64 9
64 10
64 11
64 12
64 13
65 7
65 8
65 9
65 10
65 11
65 12
65 13
66 7
66 8
66 9
66 10
66 11
66 12
66 13
67 7
67 8
67 9
67 10
67 11
67 12
67 13
68 7
68 8
68 9
68 10
68 11
68 12
68 13
69 7
69 8
69 9
69 10
69 11
69 12
69 13
70 7
70 8
70 9
70 10
70 11
70 12
70 13
71 7
71 8
71 9
71 10
71 11
71 12
71 13
72 7
72 8
72 9
72 10
72 11
72 12
72 13
73 7
73 8
73 9
73 10
73 11
73 12
73 13
74 7
74 8
74 9
74 10
74 11
74 12
74 13
75 7
75 8
75 9
75 10
75 11
75 12
75 13
76 7
76 8
76 9
76 10
76 11
76 12
76 13
77 7
77 8
77 9
77 10
77 11
77 12
77 13
78 7
78 8
78 9
78 10
78 11
78 12
78 13
79 7
79 8
79 9
79 10
79 11
79 12
79 13
80 7
80 8
80 9
80 10
80 11
80 12
80 13
81 7
81 8
81 9
81 10
81 11
81 12
81 13
82 7
82 8
82 9
82 10
82 11
82 12
82 13
83 7
83 8
83 9
83 10
83 11
83 12
83 13
84 7
84 8
84 9
84 10
84 11
84 12
84 13
85 7
85 8
85 9
85 10
85 11
85 12
85 13
86 7
86 8
86 9
86 10
86 11
86 12
86 13
87 7
87 8
87 9
87 10
87 11
87 12
87 13
88 7
88 8
88 9
88 10
88 11
88 12
88 13
89 7
89 8
89 9
89 10
89 11
89 12
89 13
90 7
90 8
90 9
90 10
90 11
90 12
90 13
91 7
91 8
91 9
91 10
91 11
91 12
91 13
92 7
92 8
92 9
92 10
92 11
92 12
92 13
93 7
93 8
93 9
93 10
93 11
93 12
93 13
94 7
94 8
94 9
94 10
94 11
94 12
94 13
95 7
95 8
95 9
95 10
95 11
95 12
95 13
96 7
96 8
96 9
96 10
96 11
96 12
96 13
97 7
97 8
97 9
97 10
97 11
97 12
97 13
98 7
98 8
98 9
98 10
98 11
98 12
98 13
99 7
99 8
99 9
99 10
99 11
99 12
99 13
