#TGT, OUT, ERROR
0.156024
-0.087355
-0.017330
0.000000
-0.079678
0.211576
-0.047611
-0.000000
0.016607
-0.073720
0.044225
0.093192
-0.054270
0.024629
0.047993
0.022858
0.052246
-0.042549
0.014838
-0.072958
0.078700
0.065722
0.006790
-0.013558
0.027559
-0.040263
-0.069897
-0.007530
-0.045448
0.023765
-0.108541
-0.043459
0.090960
-0.066684
0.000000
-0.044621
-0.093496
0.020619
0.080852
-0.084145
0.061216
0.086576
0.008863
-0.000000
0.061318
-0.041304
-0.043084
0.027069
-0.061407
-0.009360
0.037698
-0.072712
0.039237
-0.066062
-0.050502
0.031910
-0.082467
-0.089890
0.024692
-0.060249
-0.012814
-0.090905
-0.042866
0.059704
0.056340
-0.080003
-0.014486
-0.014714
-0.029852
-0.046148
-0.032259
-0.016659
-0.033899
0.035089
-0.084757
0.000000
0.000000
-0.203702
0.046513
-0.066658
-0.023822
0.048782
0.093027
0.063821
-0.040002
0.187519
0.035089
-0.016958
0.172420
0.029413
0.114274
-0.089741
-0.014078
0.028572
-0.041675
0.014501
0.000000
-0.128582
0.098365
0.000000
0.059704
0.056340
-0.053335
0.084510
0.090905
-0.083330
-0.051950
0.054796
-0.012994
-0.013152
0.000000
-0.066662
-0.028572
-0.073539
0.063495
0.000000
0.014934
-0.044126
-0.076918
-0.000000
-0.016659
0.033882
-0.000000
0.016403
0.112899
-0.057973
0.061541
0.000000
-0.057973
-0.015377
-0.031251
-0.032259
-0.033334
0.068968
0.048380
0.107704
-0.013896
-0.028170
0.028987
0.098588
0.000000
0.076926
0.095242
0.032604
-0.000000
0.000000
-0.021053
0.000000
-0.010748
-0.043480
0.034086
0.120889
0.117691
-0.017571
0.062506
-0.025249
-0.060352
0.027567
0.071448
-0.000000
0.058338
-0.007886
0.047611
0.090895
-0.020866
-0.042549
0.044439
0.021311
-0.006955
0.041953
-0.013444
-0.013558
-0.000000
-0.000000
-0.041373
-0.043159
-0.022591
0.053852
0.029168
0.056756
-0.046985
0.035195
-0.040812
-0.042549
0.014838
-0.029168
0.022514
0.007365
-0.021932
-0.022348
-0.007645
0.100000
0.000000
0.014008
0.103397
0.018780
0.000000
-0.035357 , 0.092317 , -0.127674
0.005244 , 0.083840 , -0.078596
-0.135413 , -0.025746 , -0.109667
0.066244 , 0.059164 , 0.007080
-0.073445 , -0.011769 , -0.061676
-0.024428 , -0.063802 , 0.039374
0.143788 , 0.290597 , -0.146809
-0.000000 , 0.192502 , -0.192502
0.032782 , 0.102762 , -0.069980
-0.058184 , 0.037884 , -0.096068
0.101108 , -0.028500 , 0.129608
0.102044 , 0.008736 , 0.093308
0.046274 , 0.012213 , 0.034061
0.000000 , 0.047706 , -0.047706
0.000000 , 0.057994 , -0.057994
-0.008818 , 0.024982 , -0.033800
-0.017885 , -0.023678 , 0.005793
0.095466 , -0.016823 , 0.112289
-0.045630 , 0.017633 , -0.063263
0.026083 , 0.012213 , 0.013870
0.004244 , 0.035734 , -0.031490
0.037947 , -0.024672 , 0.062619
0.008143 , 0.034999 , -0.026856
-0.028229 , 0.020089 , -0.048318
0.008312 , 0.030155 , -0.021843
0.012323 , 0.005601 , 0.006722
0.105692 , 0.055580 , 0.050112
0.080897 , -0.049688 , 0.130585
0.000000 , -0.002483 , 0.002483
-0.027219 , 0.122072 , -0.149291
0.090909 , 0.075420 , 0.015489
0.157069 , 0.042595 , 0.114474
-0.058177 , 0.052452 , -0.110629
-0.014699 , 0.086392 , -0.101091
-0.005979 , 0.048907 , -0.054886
-0.045054 , 0.014783 , -0.059837
0.037731 , 0.033714 , 0.004017
0.003035 , -0.016298 , 0.019333
-0.024176 , -0.037743 , 0.013567
-0.049519 , 0.014361 , -0.063880
0.009754 , 0.041338 , -0.031584
0.080674 , 0.025518 , 0.055156
-0.029867 , 0.047587 , -0.077454
0.036006 , -0.001132 , 0.037138
0.002671 , 0.013578 , -0.010907
0.061302 , 0.000254 , 0.061048
0.021507 , 0.052229 , -0.030722
0.065565 , 0.022671 , 0.042894
0.005634 , 0.061752 , -0.056118
-0.021498 , 0.033810 , -0.055308
-0.027430 , 0.049089 , -0.076519
0.018620 , 0.022864 , -0.004244
0.004032 , 0.050641 , -0.046609
-0.017403 , -0.003866 , -0.013537
-0.017711 , 0.006947 , -0.024658
0.068239 , -0.004386 , 0.072625
0.068813 , 0.041664 , 0.027149
0.049077 , 0.040550 , 0.008527
0.018990 , 0.048316 , -0.029326
0.032273 , 0.040120 , -0.007847
