#TGT, OUT, ERROR
0.052975
0.025120
0.002715
0.024472
-0.100736
0.012128
-0.005992
-0.018120
-0.006177
-0.071207
0.009996
0.069322
-0.018512
0.047152
0.000000
0.084102
0.027701
0.091653
-0.041979
-0.051547
-0.035323
0.002793
-0.008424
-0.005652
0.045578
-0.051763
-0.089093
-0.028381
0.009737
-0.086823
-0.133782
-0.008160
0.155764
-0.000000
-0.000000
-0.109944
-0.063737
0.140424
-0.029870
-0.003813
0.096503
0.035212
0.102044
-0.080242
-0.013431
-0.027187
-0.017504
-0.014244
0.007247
-0.032289
0.048191
0.010596
-0.021013
-0.007126
0.044382
0.010835
0.032114
0.072696
0.054811
0.174315
-0.007816
-0.013119
0.053204
0.068180
0.049638
-0.060810
-0.021592
-0.019607
0.057515
-0.059108
-0.032657
0.033760
-0.015082
0.061221
0.009629
0.085722
-0.028529
-0.081246
0.019655
-0.043391
0.000000
0.136049
0.019938
-0.013049
0.057285
-0.058341
0.002222
0.015442
-0.039122
0.052023
-0.053745
-0.034105
-0.042343
0.014748
0.077476
-0.058442
-0.021461
0.039021
0.009375
0.058146
0.039551
0.057082
-0.045989
0.048205
-0.079995
0.002183
0.008663
0.032272
0.058317
0.011816
0.000000
0.047326
0.075124
0.012550
0.010621
0.007000
0.026101
-0.084747
0.018515
-0.009089
-0.029356
0.058593
-0.042865
0.184704
-0.132272
0.001819
-0.039855
0.066024
-0.044239
0.011113
-0.007341
0.049814
-0.068524
0.030187
0.067760
0.080609
-0.074596
-0.006856
-0.032824
0.048213
0.005121
0.071179
-0.006324
0.019111
0.000000
0.000000
-0.035940
0.068064
0.018213
0.016393
0.057186
-0.023580
-0.015625
-0.028854
0.000000
-0.013384
0.046698
-0.024462
-0.023597
-0.018130
0.030763
-0.025375
-0.062778
0.029214
-0.098507
0.042590
0.035525
0.018880
-0.026948
0.010392
0.010267
0.016950
0.000000
0.045005
0.092503
0.061319
-0.004138
0.063547
0.012987
0.001277
0.043527
-0.073609
0.099326
-0.037346
0.002506
0.027469
-0.025525
-0.004980
-0.027572
0.000000
-0.012887
0.003914
0.022110
0.086514
0.074936
-0.030500
0.000000
0.015566 , -0.022460 , 0.038026
0.035053 , 0.062242 , -0.027189
-0.005291 , 0.065380 , -0.070671
0.021277 , 0.017287 , 0.003990
0.080213 , -0.021042 , 0.101255
-0.000971 , 0.033246 , -0.034217
0.014479 , 0.033445 , -0.018966
-0.019978 , 0.031600 , -0.051578
0.024273 , 0.026101 , -0.001828
0.006637 , 0.021118 , -0.014481
0.036718 , 0.007069 , 0.029649
-0.014490 , 0.028948 , -0.043438
-0.039668 , 0.013720 , -0.053388
-0.000000 , 0.009804 , -0.009804
-0.059505 , -0.001403 , -0.058102
0.008598 , -0.016062 , 0.024660
-0.022109 , -0.019314 , -0.002795
0.041983 , 0.003595 , 0.038388
0.060958 , 0.004824 , 0.056134
0.025361 , 0.036784 , -0.011423
-0.020033 , 0.023067 , -0.043100
-0.012555 , 0.008392 , -0.020947
-0.035326 , -0.013958 , -0.021368
0.020341 , 0.001863 , 0.018478
-0.012958 , -0.014718 , 0.001760
0.080839 , 0.000857 , 0.079982
-0.042085 , -0.010947 , -0.031138
0.037107 , 0.004753 , 0.032354
-0.018877 , 0.005872 , -0.024749
-0.036399 , 0.014342 , -0.050741
0.054771 , 0.009204 , 0.045567
-0.038724 , 0.001178 , -0.039902
0.020592 , 0.016217 , 0.004375
-0.003859 , -0.014053 , 0.010194
-0.009626 , 0.003680 , -0.013306
-0.090641 , 0.014692 , -0.105333
-0.021431 , -0.040332 , 0.018901
0.056954 , -0.051043 , 0.107997
-0.025913 , -0.011899 , -0.014014
-0.015951 , -0.011234 , -0.004717
0.014997 , -0.022129 , 0.037126
0.056645 , -0.023039 , 0.079684
0.048411 , 0.007340 , 0.041071
-0.007816 , 0.026867 , -0.034683
0.024232 , 0.024128 , 0.000104
-0.025314 , 0.006957 , -0.032271
-0.006942 , 0.029345 , -0.036287
-0.018056 , -0.004369 , -0.013687
0.002049 , -0.006208 , 0.008257
0.027397 , -0.006269 , 0.033666
-0.054726 , -0.001218 , -0.053508
-0.036842 , -0.008550 , -0.028292
0.000000 , -0.026096 , 0.026096
-0.003279 , -0.015631 , 0.012352
0.047149 , -0.009494 , 0.056643
0.012565 , -0.021028 , 0.033593
-0.048604 , 0.009600 , -0.058204
0.054348 , 0.004824 , 0.049524
0.020619 , -0.004887 , 0.025506
0.070707 , 0.045541 , 0.025166
