#TGT, OUT, ERROR
-0.048950
-0.030785
-0.047605
-0.036677
-0.043243
0.030737
0.078956
-0.068300
0.055845
-0.042973
-0.015546
0.035084
-0.042364
0.203524
-0.044104
-0.001545
-0.012322
-0.035879
0.027504
-0.028349
0.059940
-0.043824
0.031097
-0.015868
0.043544
0.015451
-0.033475
-0.014178
0.030352
-0.048056
-0.040714
-0.066224
0.090903
-0.016662
-0.000000
0.016944
-0.033323
0.032759
0.075132
-0.054359
-0.004914
0.120453
0.163469
0.025324
0.006163
-0.028220
-0.025245
0.051797
-0.105064
0.022636
0.098211
-0.062975
-0.017468
0.002726
0.008189
0.255745
-0.008616
-0.036956
-0.051924
0.078579
-0.061816
-0.052944
-0.018635
0.060772
0.007149
0.040284
0.130987
-0.072504
0.042345
-0.057295
0.026518
-0.047363
0.074583
0.035751
-0.040611
-0.010418
0.008652
-0.077176
-0.111503
-0.027451
-0.059132
-0.024283
0.086379
0.013475
0.023938
0.064938
0.013416
0.131167
0.010636
0.002100
0.061972
0.043528
0.009477
0.012203
-0.013907
-0.031048
-0.033006
-0.091364
0.032034
0.108147
-0.005805
0.065147
0.032708
0.063324
0.063849
-0.055960
0.016113
0.150120
0.040528
-0.010440
-0.000000
-0.136585
-0.021243
0.005858
0.077048
-0.044588
-0.086176
-0.123350
-0.114578
-0.029509
0.005850
0.267447
-0.083489
-0.137132
0.044076
-0.058887
0.180639
0.039999
-0.019236
0.025488
-0.096554
-0.017987
-0.091594
0.008298
-0.048238
0.135979
0.078347
0.019164
-0.019796
-0.010104
0.009184
-0.016173
0.038018
-0.029700
-0.000000
0.000000
0.018368
0.013025
-0.009894
-0.011984
-0.069761
0.089522
-0.027006
-0.004265
0.050373
0.016325
0.022087
0.055998
0.023255
0.081867
0.093218
-0.022296
-0.001567
0.041757
0.040084
0.002896
0.049980
0.073120
0.006479
-0.115025
-0.066427
0.046408
-0.000000
0.019966
0.032571
-0.024551
-0.000000
0.123775
0.040541
0.001226
0.117083
-0.031121
0.008737
-0.055085
0.009232
0.052862
0.001738
0.080726
0.013300
0.013182
0.030655
0.091234
0.058187
0.079854
-0.011688
0.022464
-0.000000
-0.036872 , -0.006059 , -0.030813
-0.017015 , -0.018733 , 0.001718
-0.071425 , 0.233842 , -0.305267
0.030267 , -0.189961 , 0.220228
0.059825 , -0.015734 , 0.075559
-0.042497 , -0.043784 , 0.001287
0.061302 , -0.014052 , 0.075354
-0.047419 , 0.063952 , -0.111371
0.074669 , -0.015642 , 0.090311
-0.056864 , 0.060813 , -0.117677
0.039291 , 0.003412 , 0.035879
-0.015437 , -0.036962 , 0.021525
-0.031861 , 0.134947 , -0.166808
-0.000000 , 0.024950 , -0.024950
-0.106804 , -0.032249 , -0.074555
0.004018 , -0.078336 , 0.082354
-0.047702 , -0.120327 , 0.072625
0.044839 , 0.015956 , 0.028883
-0.015134 , -0.042078 , 0.026944
0.087148 , -0.036592 , 0.123740
0.023574 , 0.256879 , -0.233305
0.022597 , -0.052640 , 0.075237
-0.026158 , 0.041876 , -0.068034
0.041212 , 0.005562 , 0.035650
0.018207 , 0.007922 , 0.010285
0.000777 , 0.026537 , -0.025760
0.005255 , 0.007798 , -0.002543
0.012592 , 0.006258 , 0.006334
-0.025724 , 0.008796 , -0.034520
-0.024698 , -0.021947 , -0.002751
0.101106 , -0.021880 , 0.122986
0.026517 , -0.228871 , 0.255388
-0.020523 , 0.023450 , -0.043973
0.030171 , 0.004747 , 0.025424
-0.020340 , -0.043431 , 0.023091
0.014969 , 0.016575 , -0.001606
0.028621 , -0.005899 , 0.034520
0.071122 , 0.015771 , 0.055351
0.035242 , -0.050832 , 0.086074
-0.012528 , 0.055306 , -0.067834
0.023932 , 0.017932 , 0.006000
0.026263 , 0.074530 , -0.048267
0.070787 , -0.006318 , 0.077105
0.022584 , 0.059857 , -0.037273
-0.010705 , -0.100549 , 0.089844
0.007636 , 0.013074 , -0.005438
0.032603 , -0.047580 , 0.080183
0.007339 , -0.001244 , 0.008583
-0.014292 , 0.021596 , -0.035888
0.030729 , 0.023652 , 0.007077
-0.040554 , -0.015021 , -0.025533
-0.037847 , 0.035566 , -0.073413
0.052459 , -0.028955 , 0.081414
-0.022425 , -0.198532 , 0.176107
0.010185 , -0.007498 , 0.017683
0.088321 , 0.040449 , 0.047872
0.014787 , -0.019114 , 0.033901
-0.075018 , 0.077074 , -0.152092
-0.041096 , -0.085283 , 0.044187
0.048701 , 0.009197 , 0.039504
