#TGT, OUT, ERROR
0.017716
-0.020920
-0.066723
0.010670
-0.123867
0.034491
0.038529
-0.044138
-0.004228
-0.059062
0.104903
0.112335
0.016048
0.063990
0.020263
0.064445
-0.070382
-0.007446
0.078259
-0.040192
0.085517
0.041390
0.031119
-0.032768
0.056660
-0.025143
-0.041951
0.043787
-0.043060
-0.018211
-0.079050
-0.126849
0.021347
0.009485
-0.000000
0.136918
0.032844
-0.011050
0.129427
-0.020252
0.055965
0.075632
-0.028622
0.001463
-0.013980
0.011186
-0.054392
-0.042206
-0.028552
-0.034421
0.075118
-0.076916
-0.013155
0.044445
-0.096813
0.108508
0.004260
-0.055082
0.080706
-0.003091
-0.010821
0.015153
-0.007463
0.046283
0.015984
-0.058266
-0.000842
-0.012702
-0.047819
0.022439
0.007889
0.000870
0.070748
-0.032522
-0.016808
-0.017095
-0.000601
-0.081001
-0.052157
-0.039995
0.089874
-0.066960
0.087163
0.035842
-0.066483
0.147779
0.012761
0.036130
-0.026773
-0.007204
0.018719
-0.021275
0.026085
0.057622
0.000237
-0.017652
0.024493
-0.050998
0.032740
-0.000000
0.044726
0.093396
-0.034704
0.018440
0.065219
-0.043524
0.006572
0.052337
-0.017472
0.002046
0.000000
-0.106879
0.002314
-0.037451
0.059533
-0.058037
-0.050211
-0.039441
-0.048032
-0.019743
-0.024376
0.105763
-0.104328
-0.160200
0.123043
-0.079376
0.019000
0.085740
0.011350
-0.005978
-0.097812
-0.071487
0.047304
-0.079401
-0.024989
0.170501
0.047114
-0.048932
-0.005507
0.025463
0.009735
0.029158
-0.004172
0.056444
-0.000000
-0.000000
0.146081
0.004089
-0.081203
-0.014900
0.004292
-0.015061
0.000000
-0.007138
0.067844
0.026536
0.046941
0.064583
-0.017221
0.014617
-0.018631
0.051735
-0.024581
0.011379
0.009149
-0.037107
0.010292
0.024224
-0.035631
-0.031791
-0.031049
0.033606
-0.000000
0.006315
0.038465
0.006014
-0.045815
0.051208
0.039315
0.081417
-0.017821
-0.011629
-0.021194
-0.048861
0.021045
0.017821
-0.025978
0.014157
-0.025474
0.012266
0.034180
-0.022572
0.122110
0.071737
0.007104
-0.004255
0.000000
-0.043830 , 0.014283 , -0.058113
0.043099 , 0.030155 , 0.012944
-0.075743 , -0.000977 , -0.074766
0.068875 , 0.055174 , 0.013701
-0.012615 , 0.015925 , -0.028540
-0.020188 , 0.078612 , -0.098800
0.042285 , -0.077851 , 0.120136
-0.069916 , -0.030311 , -0.039605
0.017715 , 0.027235 , -0.009520
-0.059086 , 0.007866 , -0.066952
0.029467 , -0.025075 , 0.054542
0.008306 , -0.176754 , 0.185060
0.000000 , -0.043622 , 0.043622
-0.000000 , 0.022602 , -0.022602
-0.089295 , -0.028931 , -0.060364
-0.031673 , 0.001241 , -0.032914
-0.047226 , -0.061176 , 0.013950
0.052962 , -0.000977 , 0.053939
0.056592 , -0.083652 , 0.140244
0.026438 , -0.164154 , 0.190592
0.002236 , 0.216271 , -0.214035
0.008946 , -0.005586 , 0.014532
0.006633 , 0.036370 , -0.029737
0.037384 , 0.026437 , 0.010947
0.012726 , 0.017644 , -0.004918
0.005627 , 0.007123 , -0.001496
-0.002035 , 0.019692 , -0.021727
0.006227 , 0.007610 , -0.001383
-0.037925 , 0.022739 , -0.060664
-0.025364 , 0.003932 , -0.029296
0.078072 , -0.034110 , 0.112182
0.028279 , -0.130334 , 0.158613
-0.054324 , 0.007204 , -0.061528
0.001143 , -0.029131 , 0.030274
0.028354 , -0.004883 , 0.033237
0.022763 , 0.017705 , 0.005058
0.007958 , 0.011687 , -0.003729
0.071477 , -0.008892 , 0.080369
0.031246 , 0.019681 , 0.011565
0.009094 , -0.009475 , 0.018569
0.033094 , 0.041301 , -0.008207
-0.002639 , 0.024550 , -0.027189
0.004134 , 0.039398 , -0.035264
-0.012260 , 0.045891 , -0.058151
-0.004113 , 0.015934 , -0.020047
0.082817 , 0.014556 , 0.068261
0.076139 , 0.002248 , 0.073891
0.046391 , -0.043186 , 0.089577
-0.018262 , 0.023657 , -0.041919
0.007754 , 0.006633 , 0.001121
-0.037703 , 0.007958 , -0.045661
-0.052801 , 0.028819 , -0.081620
0.064186 , 0.002852 , 0.061334
-0.023814 , 0.004159 , -0.027973
0.080547 , -0.059920 , 0.140467
0.121988 , 0.037156 , 0.084832
0.053691 , -0.014972 , 0.068663
-0.002550 , 0.026357 , -0.028907
0.081900 , 0.017826 , 0.064074
0.007088 , 0.016512 , -0.009424
