#TGT, OUT, ERROR
-0.003900
0.225517
-0.056028
-0.042347
-0.070813
0.026671
0.141005
0.011039
0.024767
-0.128991
0.112970
0.034912
0.035374
0.102459
-0.061946
0.096084
0.054792
-0.050621
0.053320
0.025989
0.027667
-0.075471
-0.000000
0.027211
0.072855
0.000000
-0.044450
-0.029711
-0.014630
-0.027026
-0.041682
0.036223
0.023781
-0.003996
-0.000000
-0.045372
-0.044111
-0.038462
0.070409
-0.107627
0.005020
0.049992
-0.000000
0.079366
0.038268
-0.043933
0.003132
0.000377
-0.065137
0.012988
0.054366
0.001511
-0.045448
-0.047612
0.006641
-0.014880
-0.016817
-0.076893
0.064811
-0.050039
-0.028016
0.000171
-0.015560
-0.026373
0.092870
-0.028977
-0.015131
0.094051
-0.017543
-0.019836
-0.003474
-0.021929
-0.029177
0.023607
-0.169239
0.009287
-0.009202
-0.090261
-0.068701
-0.057415
-0.043437
0.045410
0.058147
0.071110
-0.028175
0.081612
-0.018732
0.028015
0.037765
-0.007661
0.050589
0.043560
-0.008756
0.057628
0.079676
0.068148
0.090700
-0.046655
-0.055940
-0.075962
0.023868
0.032471
0.063259
0.030744
0.035041
-0.093180
-0.036440
0.000968
0.073630
-0.054324
0.000000
-0.061015
0.001056
-0.075715
-0.031370
-0.010418
-0.039872
-0.012205
-0.058014
0.001280
0.000053
0.015709
-0.024798
-0.048599
0.000000
-0.118043
-0.108662
0.042338
-0.055927
0.034112
-0.112100
0.005091
-0.147697
0.077359
-0.120765
0.050588
0.059630
-0.046499
0.066962
-0.089335
-0.098156
0.067310
0.009777
0.043227
0.000000
0.000000
0.168276
0.045338
-0.200046
-0.122608
-0.086019
-0.011763
-0.006018
-0.017908
0.012206
0.072106
-0.004332
0.168218
0.125590
0.012921
0.090588
0.134514
0.150610
0.130956
0.007869
-0.030807
-0.008604
0.035323
0.020984
-0.028710
-0.020729
0.070266
-0.000000
0.085893
0.006954
-0.008081
-0.020888
0.067676
0.135517
0.206288
0.121957
0.018839
-0.040106
-0.029211
0.106698
0.052443
0.035379
0.068598
-0.054242
0.077150
0.027439
0.035524
0.002201
0.111873
0.129866
0.055200
-0.000000
0.009816 , -0.043890 , 0.053706
-0.046715 , -0.052670 , 0.005955
-0.081306 , 0.034146 , -0.115452
0.078986 , 0.134411 , -0.055425
-0.078150 , 0.001028 , -0.079178
-0.028981 , -0.089274 , 0.060293
0.113432 , 0.141983 , -0.028551
-0.020111 , 0.050080 , -0.070191
-0.002324 , 0.024026 , -0.026350
-0.055535 , -0.025480 , -0.030055
0.088851 , 0.014469 , 0.074382
-0.078400 , 0.065361 , -0.143761
0.014892 , 0.061757 , -0.046865
0.000000 , 0.196153 , -0.196153
-0.073411 , -0.012085 , -0.061326
-0.113528 , -0.026772 , -0.086756
-0.224237 , -0.196037 , -0.028200
-0.048991 , -0.079954 , 0.030963
0.035053 , -0.210059 , 0.245112
0.138630 , 0.126408 , 0.012222
0.037924 , 0.088932 , -0.051008
0.044050 , -0.060489 , 0.104539
0.009386 , 0.028475 , -0.019089
0.031015 , 0.140428 , -0.109413
0.021243 , 0.054575 , -0.033332
0.015601 , 0.032013 , -0.016412
0.023883 , 0.021624 , 0.002259
-0.004662 , 0.012933 , -0.017595
0.041029 , 0.013298 , 0.027731
0.005301 , 0.020061 , -0.014760
0.151838 , 0.014419 , 0.137419
0.055710 , 0.081127 , -0.025417
0.093161 , -0.034130 , 0.127291
0.108691 , 0.068153 , 0.040538
-0.093475 , 0.071610 , -0.165085
0.077838 , 0.050641 , 0.027197
0.032220 , 0.227645 , -0.195425
0.060930 , 0.056682 , 0.004248
-0.056409 , 0.046899 , -0.103308
0.014404 , -0.029421 , 0.043825
0.085487 , 0.041359 , 0.044128
0.029102 , 0.105248 , -0.076146
0.057427 , 0.031462 , 0.025965
0.064257 , -0.006035 , 0.070292
0.008491 , 0.046213 , -0.037722
0.010715 , 0.070128 , -0.059413
0.059739 , 0.025555 , 0.034184
0.011671 , 0.046789 , -0.035118
0.004630 , 0.046540 , -0.041910
0.035310 , -0.002147 , 0.037457
-0.066626 , 0.030787 , -0.097413
-0.011479 , -0.008818 , -0.002661
-0.035002 , -0.063580 , 0.028578
-0.025424 , -0.008369 , -0.017055
0.086087 , -0.070065 , 0.156152
0.072058 , 0.019607 , 0.052451
-0.051456 , 0.098031 , -0.149487
0.025037 , 0.184447 , -0.159410
-0.001459 , -0.010065 , 0.008606
-0.020000 , 0.038016 , -0.058016
