#TGT, OUT, ERROR
0.103025
0.037032
-0.054294
-0.040577
-0.096400
-0.038759
-0.058833
-0.107149
0.029595
-0.057860
0.045419
0.141009
0.002566
0.049950
0.026343
-0.008811
-0.007266
0.048743
0.038756
0.028375
0.015986
0.001437
0.005738
0.004007
0.053849
-0.038708
-0.100902
-0.030452
-0.031485
0.051966
-0.104962
-0.086190
0.075473
0.042140
-0.000000
-0.069390
-0.060021
0.050727
0.120203
-0.032741
0.108878
0.064097
0.011587
-0.028635
0.076502
0.008182
-0.080764
-0.086080
-0.064506
0.013824
0.088385
-0.159321
-0.037975
-0.018570
-0.094457
0.171301
-0.012640
-0.060105
0.071967
-0.022348
-0.022951
-0.023396
-0.008018
0.107216
0.048813
-0.020797
-0.051041
-0.030683
-0.074015
0.056606
0.000761
-0.022820
-0.012844
-0.073494
-0.075771
-0.033359
-0.043394
-0.108253
0.015035
-0.031893
0.164706
-0.010099
0.080608
0.016055
-0.039963
0.220732
0.107057
-0.075945
0.023214
0.055073
-0.016995
-0.003793
0.015141
0.014915
0.003695
-0.075435
0.037229
-0.094732
0.021107
0.039602
-0.003159
0.116413
-0.053515
0.061127
-0.005736
-0.016805
-0.069813
0.039492
0.053909
-0.040137
-0.000000
-0.068504
-0.028558
-0.008358
0.072854
-0.026729
-0.044814
-0.038504
-0.088891
0.048788
0.032552
0.013515
-0.093336
0.068637
-0.010093
0.000927
0.023141
0.095077
-0.034752
0.034446
-0.054840
-0.015177
0.010864
-0.004469
-0.013516
0.123304
0.016221
-0.050383
-0.069077
0.000000
0.009038
0.049385
-0.015719
0.039392
0.000000
-0.000000
0.009219
0.018361
-0.130950
0.011301
-0.052144
-0.014998
0.056126
0.004830
0.030767
0.016797
0.029981
-0.019663
0.045522
-0.000000
0.061125
0.008330
0.053964
0.015761
0.046466
-0.062917
0.014232
0.048287
0.014882
-0.011715
-0.056367
0.021215
-0.000000
-0.009206
-0.009291
-0.065068
-0.015091
0.038306
0.047569
0.095459
-0.000000
-0.011422
-0.046293
-0.022705
0.054265
0.022037
-0.033829
0.012696
-0.018377
0.032921
0.011597
-0.030064
0.052442
0.118028
-0.013836
-0.063069
0.000000
-0.006205 , -0.051017 , 0.044812
-0.030618 , 0.012052 , -0.042670
-0.081873 , 0.044918 , -0.126791
0.050320 , -0.100003 , 0.150323
-0.055552 , 0.045902 , -0.101454
-0.048212 , -0.003422 , -0.044790
0.033293 , -0.062893 , 0.096186
-0.067137 , 0.005665 , -0.072802
0.014453 , -0.068709 , 0.083162
-0.097099 , -0.050913 , -0.046186
-0.025894 , -0.045429 , 0.019535
0.053996 , -0.024010 , 0.078006
-0.012216 , 0.031394 , -0.043610
0.000000 , 0.000551 , -0.000551
-0.102290 , -0.024354 , -0.077936
-0.076793 , -0.008297 , -0.068496
-0.084096 , -0.013669 , -0.070427
-0.042855 , -0.049936 , 0.007081
0.028784 , -0.044918 , 0.073702
0.046638 , -0.112490 , 0.159128
0.063357 , -0.062891 , 0.126248
0.058699 , -0.241931 , 0.300630
-0.016760 , 0.017930 , -0.034690
0.015203 , 0.044534 , -0.029331
0.017608 , 0.012544 , 0.005064
0.008651 , 0.042074 , -0.033423
0.017243 , 0.022790 , -0.005547
-0.079364 , -0.002858 , -0.076506
-0.053158 , 0.030953 , -0.084111
-0.032908 , -0.041440 , 0.008532
0.100124 , -0.041611 , 0.141735
0.028213 , 0.042203 , -0.013990
-0.008842 , -0.025569 , 0.016727
-0.027683 , -0.019064 , -0.008619
-0.026674 , 0.003001 , -0.029675
0.066084 , 0.032459 , 0.033625
-0.006199 , 0.001419 , -0.007618
0.015135 , 0.036076 , -0.020941
-0.011385 , -0.017483 , 0.006098
0.020382 , 0.007420 , 0.012962
-0.004389 , 0.030175 , -0.034564
0.043725 , 0.009551 , 0.034174
-0.033532 , -0.004307 , -0.029225
0.023368 , 0.054571 , -0.031203
0.142147 , -0.004578 , 0.146725
-0.029607 , 0.122781 , -0.152388
-0.002280 , 0.225017 , -0.227297
0.025221 , 0.058775 , -0.033554
0.037362 , -0.012541 , 0.049903
0.001408 , 0.104427 , -0.103019
-0.077925 , 0.004487 , -0.082412
-0.040931 , -0.025403 , -0.015528
-0.054393 , -0.035564 , -0.018829
-0.000000 , -0.002165 , 0.002165
-0.035398 , -0.012494 , -0.022904
0.077982 , -0.025894 , 0.103876
-0.050213 , 0.005774 , -0.055987
-0.008065 , 0.004655 , -0.012720
0.002710 , -0.002783 , 0.005493
-0.044144 , 0.004129 , -0.048273
