#TGT, OUT, ERROR
0.122583
0.073638
-0.129674
-0.067050
-0.117301
0.052866
-0.007698
-0.122625
0.018209
0.012766
0.107313
0.132807
-0.048162
0.063534
0.039707
-0.022923
-0.010564
0.075804
-0.017244
-0.014180
0.000769
0.036721
-0.039822
-0.068809
0.033082
-0.051397
-0.037091
-0.081330
0.026857
-0.012405
-0.074318
-0.056707
0.106389
-0.000001
0.000000
-0.074490
-0.075333
0.012343
0.199225
-0.038429
0.077978
0.066955
-0.004149
-0.021021
0.085405
0.000401
-0.052599
-0.081329
-0.069031
0.024405
0.066642
-0.133910
-0.054132
-0.024501
-0.044693
0.102334
0.001016
-0.022214
0.060767
-0.052105
0.000000
0.010995
-0.010874
0.115403
0.009856
-0.073174
-0.010007
-0.005289
-0.071074
0.047128
0.013180
-0.005395
-0.015792
-0.069814
-0.088749
-0.046384
-0.036366
-0.111645
0.008762
0.007984
0.145618
-0.012992
0.072358
0.014931
-0.046678
0.231546
0.040843
-0.073272
0.042343
0.062373
-0.005132
-0.021032
-0.018820
0.027738
0.014012
-0.082965
0.011178
-0.088433
-0.004222
0.028595
0.005952
0.138240
-0.028449
0.063855
-0.015033
-0.029908
-0.083237
0.027951
0.087773
-0.022458
0.000000
-0.069557
-0.020659
-0.016913
0.050583
-0.048761
-0.029144
-0.055257
-0.094130
0.103911
0.035078
0.031989
-0.082066
0.079510
-0.012287
0.055877
0.041202
0.025444
-0.041334
0.040192
-0.035349
-0.000558
-0.022954
0.021144
-0.000560
0.101162
0.051641
-0.071939
-0.090367
0.014065
0.022028
0.021554
-0.023143
0.035383
-0.000001
0.000001
0.043088
0.055552
-0.130357
0.000000
-0.028801
0.033169
0.062724
-0.045401
-0.016585
0.033792
0.087687
-0.007224
0.017218
-0.009228
0.033673
0.000000
0.044039
0.007303
0.075082
-0.036075
0.028032
0.027744
-0.024772
0.000000
-0.033995
0.004669
0.000000
-0.013991
0.004714
-0.058964
-0.025556
0.041682
0.046889
0.078321
0.037186
-0.051041
-0.028895
-0.018303
0.076479
-0.013420
-0.034283
-0.004997
-0.031518
-0.000000
0.004741
-0.011747
0.030288
0.074291
-0.032622
-0.033722
0.000001
-0.014258 , 0.001136 , -0.015394
0.079895 , 0.020930 , 0.058965
-0.095106 , 0.044123 , -0.139229
0.036041 , 0.004995 , 0.031046
-0.030180 , 0.028085 , -0.058265
-0.059580 , -0.011932 , -0.047648
0.004543 , -0.005592 , 0.010135
-0.031511 , -0.037127 , 0.005616
-0.032585 , -0.008082 , -0.024503
-0.014428 , -0.032506 , 0.018078
-0.033175 , -0.029361 , -0.003814
0.031781 , -0.016388 , 0.048169
0.005409 , -0.015230 , 0.020639
-0.000000 , -0.016303 , 0.016303
-0.094849 , -0.007449 , -0.087400
-0.042433 , -0.026196 , -0.016237
-0.062360 , -0.003077 , -0.059283
-0.012566 , -0.038714 , 0.026148
0.038240 , -0.034858 , 0.073098
0.001734 , -0.050726 , 0.052460
0.021010 , -0.026152 , 0.047162
0.049632 , -0.008994 , 0.058626
-0.017933 , 0.013010 , -0.030943
0.047638 , 0.012664 , 0.034974
0.025929 , 0.013365 , 0.012564
0.007704 , 0.023336 , -0.015632
-0.005079 , 0.024056 , -0.029135
-0.069944 , 0.002996 , -0.072940
-0.040346 , 0.003515 , -0.043861
-0.054719 , -0.013563 , -0.041156
0.127378 , -0.031789 , 0.159167
0.027002 , 0.011202 , 0.015800
-0.018426 , -0.002761 , -0.015665
-0.015534 , -0.000853 , -0.014681
-0.016894 , 0.003259 , -0.020153
0.024952 , 0.032798 , -0.007846
-0.008134 , 0.006072 , -0.014206
0.002733 , -0.006795 , 0.009528
-0.035327 , -0.003902 , -0.031425
-0.002250 , -0.014568 , 0.012318
0.007919 , -0.000623 , 0.008542
0.041977 , -0.010460 , 0.052437
-0.053715 , 0.005059 , -0.058774
0.007910 , -0.014397 , 0.022307
0.126832 , -0.004575 , 0.131407
0.005018 , 0.028849 , -0.023831
-0.000000 , 0.034998 , -0.034998
-0.003465 , 0.004264 , -0.007729
0.003987 , 0.014889 , -0.010902
0.019403 , 0.041344 , -0.021941
-0.048309 , 0.002692 , -0.051001
-0.040419 , -0.002326 , -0.038093
-0.053610 , -0.015096 , -0.038514
-0.035260 , -0.021588 , -0.013672
0.006591 , -0.015455 , 0.022046
0.080357 , -0.032028 , 0.112385
-0.051240 , -0.000927 , -0.050313
-0.027294 , -0.018753 , -0.008541
0.080597 , -0.018979 , 0.099576
-0.013812 , 0.022872 , -0.036684
