#TGT, OUT, ERROR
0.115052
0.037315
-0.000543
-0.063530
-0.055975
0.028144
0.048369
-0.135560
-0.048167
-0.054687
0.172818
0.084063
0.050564
-0.012566
-0.005931
0.051768
-0.031080
0.085559
-0.019718
-0.037708
0.026679
0.050348
-0.080903
-0.031605
0.040268
-0.055947
-0.054840
-0.055147
0.005023
-0.024708
-0.082281
-0.089658
0.171922
-0.007741
0.000000
-0.042348
-0.081614
0.079997
0.176300
-0.031518
0.065637
0.087559
0.028555
-0.024709
0.087521
0.042845
-0.064830
0.040036
-0.173252
-0.032379
0.126757
-0.117665
-0.025985
0.031516
-0.001206
0.084121
0.007611
-0.003807
0.036987
-0.014861
0.014060
-0.041059
-0.011108
0.079757
0.045795
-0.104474
0.016134
-0.013130
-0.080322
0.012044
0.041686
-0.011425
0.028278
-0.071953
-0.108991
-0.045558
-0.081225
-0.123993
0.044183
0.031427
0.113344
0.025884
0.079068
0.026659
-0.042141
0.197940
0.018647
-0.022215
0.033509
0.055573
0.004130
-0.024912
-0.000000
0.007486
0.044878
-0.105599
0.030479
-0.116779
0.027317
0.087602
-0.033323
0.114970
-0.020669
0.057907
-0.014893
-0.075027
-0.066049
0.020439
0.071671
-0.026214
-0.000000
-0.090324
-0.034580
-0.015920
0.059103
-0.055202
-0.038361
-0.031043
-0.028537
-0.000000
0.024362
-0.040606
-0.047425
-0.026860
-0.089768
0.092575
0.051444
0.080585
-0.078761
0.058236
-0.043556
-0.006774
-0.029334
-0.015491
0.018143
0.060299
0.094066
-0.059988
-0.046081
-0.003004
-0.000733
0.045555
0.006002
0.039281
0.000000
-0.000000
0.003429
0.022585
-0.129250
0.014602
-0.014391
-0.023613
0.075201
-0.009696
0.054815
-0.045576
0.079082
0.003472
0.055216
-0.016326
0.036527
0.009717
0.010640
0.032053
0.015529
-0.028727
0.032738
0.048157
-0.029088
0.005390
-0.058413
0.030985
0.000000
-0.030696
0.015834
-0.070436
-0.020768
0.082181
0.017744
0.072144
-0.001760
-0.023827
-0.017870
0.012109
0.035329
0.009257
-0.041784
0.049612
-0.058115
0.022402
0.017702
0.033208
0.014893
0.083928
-0.007277
0.000000
-0.000000
-0.001913 , 0.015856 , -0.017769
0.002408 , 0.033427 , -0.031019
-0.100010 , 0.015856 , -0.115866
0.037586 , 0.013978 , 0.023608
-0.051134 , 0.041507 , -0.092641
-0.013611 , -0.028321 , 0.014710
0.066132 , -0.020486 , 0.086618
-0.012943 , -0.024926 , 0.011983
0.005277 , 0.014692 , -0.009415
-0.061506 , -0.024726 , -0.036780
0.018362 , 0.005765 , 0.012597
0.017420 , 0.011758 , 0.005662
-0.013905 , -0.000609 , -0.013296
-0.000000 , 0.003515 , -0.003515
-0.077638 , -0.010609 , -0.067029
-0.033633 , -0.001014 , -0.032619
-0.097525 , -0.008988 , -0.088537
-0.006737 , -0.043824 , 0.037087
0.020347 , -0.040429 , 0.060776
-0.021298 , -0.030225 , 0.008927
0.018366 , -0.021299 , 0.039665
0.096978 , -0.050112 , 0.147090
0.006142 , 0.012639 , -0.006497
-0.004255 , 0.025634 , -0.029889
0.167998 , 0.019131 , 0.148867
0.109957 , 0.041260 , 0.068697
-0.041794 , 0.081122 , -0.122916
0.013708 , 0.088063 , -0.074355
0.029504 , 0.018639 , 0.010865
-0.127245 , 0.017160 , -0.144405
0.102726 , 0.014481 , 0.088245
0.058564 , -0.025938 , 0.084502
-0.037789 , -0.078395 , 0.040606
0.003362 , 0.024217 , -0.020855
-0.007187 , 0.004522 , -0.011709
0.009636 , 0.007250 , 0.002386
-0.030958 , 0.021633 , -0.052591
0.007349 , -0.014895 , 0.022244
0.009777 , -0.001925 , 0.011702
-0.033815 , -0.008949 , -0.024866
0.043494 , 0.000825 , 0.042669
0.017257 , -0.022147 , 0.039404
0.041453 , 0.005587 , 0.035866
0.076431 , 0.004490 , 0.071941
0.004189 , 0.027493 , -0.023304
0.073220 , 0.041732 , 0.031488
0.044861 , 0.043665 , 0.001196
0.026118 , 0.039691 , -0.013573
-0.025453 , 0.053537 , -0.078990
0.014919 , 0.020045 , -0.005126
-0.042454 , 0.029296 , -0.071750
-0.011719 , 0.000937 , -0.012656
-0.051383 , -0.007309 , -0.044074
0.070833 , -0.030740 , 0.101573
-0.027237 , -0.004457 , -0.022780
0.040000 , -0.009027 , 0.049027
-0.042308 , -0.002908 , -0.039400
-0.064257 , -0.000486 , -0.063771
0.062232 , -0.000819 , 0.063051
-0.050505 , 0.030607 , -0.081112
