#TGT, OUT, ERROR
0.043485
-0.033338
-0.043099
0.008999
-0.080348
0.009698
-0.038456
0.284944
0.010916
-0.061973
0.011011
0.027723
0.064547
0.131222
-0.008000
0.088710
0.288889
0.037356
0.122992
0.045881
0.015094
0.054833
0.030396
-0.140658
0.080099
-0.046522
0.014493
-0.066666
0.045918
0.019512
-0.145454
-0.081747
0.121951
0.005435
0.000000
0.156758
0.002336
-0.209790
0.038348
-0.068749
0.078095
0.187889
0.047642
-0.018645
0.066265
-0.021730
0.082186
0.067323
-0.117308
-0.006536
0.140351
-0.080385
-0.008782
-0.052743
-0.077952
-0.060386
0.068895
-0.148629
0.016950
0.138889
-0.170733
-0.096471
-0.033203
0.075421
-0.042580
-0.078483
-0.013485
0.003597
-0.048029
0.016566
-0.037778
-0.014627
0.035156
0.003018
-0.082017
-0.017213
0.068390
-0.126464
-0.160858
-0.181044
-0.076723
0.126761
0.250000
0.190000
0.103361
-0.012186
-0.028527
0.063493
0.111940
0.043625
0.138264
-0.056498
-0.034132
-0.058896
-0.003953
-0.074074
0.057143
-0.043919
0.070671
0.009241
-0.006540
0.049375
-0.021958
0.058371
0.053333
-0.136939
-0.078667
0.023878
0.007067
-0.098947
-0.000000
-0.205607
0.014706
0.001932
0.032787
-0.033613
-0.071499
0.021853
-0.122200
-0.035962
-0.049337
-0.000000
-0.026581
-0.024707
-0.052000
-0.056259
0.020864
0.124088
-0.046753
-0.049046
-0.004299
-0.077698
-0.090484
0.063465
-0.019355
0.067435
-0.003082
-0.066461
0.024834
0.033926
0.014062
0.049307
0.010279
0.052325
-0.000000
0.000000
0.132597
-0.041463
-0.110687
-0.054363
-0.049924
-0.003185
-0.025559
-0.072131
0.088338
0.019482
-0.074841
0.012048
0.061224
0.001603
0.020800
0.250784
-0.013784
0.026684
0.106436
-0.057047
-0.016607
0.049457
-0.012644
-0.080326
-0.088608
0.040278
-0.000001
-0.025367
0.019178
-0.090054
-0.085671
0.127625
0.057308
0.085366
0.029963
0.158788
0.131799
-0.108133
0.004145
0.023736
0.058468
0.007619
-0.031191
0.039024
0.051643
-0.044643
0.298131
-0.013679
0.138685
-0.062821
-0.000000
-0.030864 , 0.029056 , -0.059920
-0.009555 , 0.126735 , -0.136290
-0.189710 , 0.033862 , -0.223572
-0.007143 , -0.050153 , 0.043010
-0.076739 , -0.002735 , -0.074004
0.011255 , -0.087186 , 0.098441
0.030822 , 0.001744 , 0.029078
-0.044850 , -0.191971 , 0.147121
0.020870 , 0.040212 , -0.019342
-0.068143 , 0.015138 , -0.083281
0.005484 , -0.022607 , 0.028091
0.050001 , 0.001466 , 0.048535
0.070130 , -0.010988 , 0.081118
-0.000000 , 0.032168 , -0.032168
-0.166667 , 0.014902 , -0.181569
-0.020387 , -0.028378 , 0.007991
-0.236868 , -0.015263 , -0.221605
0.058442 , -0.098829 , 0.157271
-0.009816 , 0.020332 , -0.030148
0.084263 , -0.339752 , 0.424015
0.052571 , 0.017976 , 0.034595
0.091205 , 0.056430 , 0.034775
0.003980 , 0.060702 , -0.056722
-0.012884 , 0.090851 , -0.103735
-0.035140 , 0.032422 , -0.067562
0.066597 , 0.009709 , 0.056888
0.089756 , 0.021484 , 0.068272
0.020591 , -0.007318 , 0.027909
-0.028070 , 0.025480 , -0.053550
-0.080325 , 0.047904 , -0.128229
0.054956 , 0.001334 , 0.053622
0.061396 , 0.011143 , 0.050253
-0.032428 , -0.026764 , -0.005664
0.072464 , 0.032726 , 0.039738
-0.066723 , 0.033436 , -0.100159
0.063348 , -0.001366 , 0.064714
0.225533 , 0.108750 , 0.116783
-0.017361 , -0.128706 , 0.111345
-0.038870 , 0.002743 , -0.041613
0.047794 , 0.047038 , 0.000756
-0.007018 , 0.024984 , -0.032002
0.010602 , 0.069061 , -0.058459
-0.106295 , 0.002971 , -0.109266
0.083725 , -0.018537 , 0.102262
0.009386 , 0.054574 , -0.045188
0.119456 , -0.018316 , 0.137772
-0.155272 , 0.093646 , -0.248918
-0.027231 , -0.027681 , 0.000450
-0.028771 , 0.027403 , -0.056174
0.024820 , -0.055877 , 0.080697
-0.025000 , -0.002969 , -0.022031
-0.097756 , -0.058994 , -0.038762
-0.027531 , 0.137583 , -0.165114
0.045662 , -0.017473 , 0.063135
-0.066376 , -0.075847 , 0.009471
0.103835 , -0.027260 , 0.131095
-0.072034 , -0.019143 , -0.052891
0.021005 , -0.002686 , 0.023691
0.014311 , -0.019601 , 0.033912
0.049382 , -0.019021 , 0.068403
