#TGT, OUT, ERROR
-0.055553
0.029411
-0.000187
-0.064586
-0.093688
0.011244
0.044426
-0.106387
-0.023800
0.011964
-0.011823
0.168297
0.079332
-0.023214
0.029702
0.288263
-0.029697
-0.061547
0.032792
-0.047617
0.108172
0.178372
0.161445
-0.005594
-0.171407
0.005612
0.060995
0.131259
-0.005529
0.099996
0.000000
0.013136
0.166478
-0.034194
-0.000000
0.119525
-0.019819
-0.008088
-0.048835
0.000093
-0.025622
0.078983
0.069036
0.034154
0.103086
0.025289
-0.012049
0.006959
0.026147
0.015205
-0.052660
0.000072
0.069443
0.058859
-0.043858
-0.082539
-0.040041
-0.152839
0.081494
0.045030
-0.057717
0.108491
0.080388
-0.051706
0.037532
-0.046073
0.010376
-0.064869
0.000000
-0.022675
-0.006710
-0.018800
0.019161
0.020347
-0.056792
0.023425
-0.053380
-0.213722
-0.107687
-0.080459
-0.043635
-0.045866
0.123276
0.014758
-0.022830
0.002330
0.055104
0.011744
0.011496
0.005670
0.062157
-0.031920
-0.048352
0.061208
-0.042437
-0.022731
0.069765
-0.108583
0.030357
0.065086
-0.000108
0.011331
-0.011097
0.000000
-0.011113
-0.056286
-0.047864
-0.038386
0.001295
-0.010388
-0.000000
0.031393
0.011541
-0.076927
0.041669
-0.026663
-0.047950
-0.060282
-0.127242
0.043691
-0.004891
0.011840
-0.156942
0.009905
-0.058827
-0.085404
0.118441
0.083512
0.120294
0.033892
-0.058736
-0.020691
-0.014098
0.035369
-0.008279
0.027649
-0.021495
-0.066068
0.019450
0.000907
-0.019428
-0.050516
-0.044840
0.040811
0.000000
0.000000
0.090209
-0.003610
-0.052334
-0.019055
-0.114553
-0.034655
0.022268
-0.048687
0.043686
-0.030876
0.011086
0.160344
0.083079
-0.054895
0.000388
0.037094
0.096732
0.007951
0.017558
-0.040530
0.033250
0.210432
-0.081171
0.016411
0.007698
-0.002758
-0.000000
0.043338
0.049149
-0.013983
0.006954
0.031126
0.065573
0.076919
0.011914
0.149408
0.003065
-0.001015
0.191772
0.011309
-0.012645
0.102980
0.028041
-0.046101
0.019734
0.085624
0.017971
0.109070
0.009538
-0.022024
-0.000000
0.075214 , -0.000824 , 0.076038
-0.034865 , -0.062865 , 0.028000
-0.022745 , 0.031123 , -0.053868
0.016287 , 0.129024 , -0.112737
-0.118084 , 0.011222 , -0.129306
-0.008796 , -0.038270 , 0.029474
0.038155 , 0.039908 , -0.001753
-0.016585 , 0.005902 , -0.022487
0.015355 , 0.002558 , 0.012797
-0.093351 , 0.008275 , -0.101626
-0.036300 , -0.039919 , 0.003619
0.080967 , 0.011987 , 0.068980
0.021928 , -0.042753 , 0.064681
0.000000 , 0.160141 , -0.160141
-0.156947 , -0.193524 , 0.036577
-0.076923 , -0.062468 , -0.014455
-0.058149 , 0.079718 , -0.137867
0.152246 , -0.084953 , 0.237199
-0.006352 , 0.074773 , -0.081125
0.031709 , 0.086023 , -0.054314
0.036930 , -0.134971 , 0.171901
0.100337 , 0.174805 , -0.074468
0.005430 , 0.082212 , -0.076782
-0.026738 , 0.019816 , -0.046554
-0.026374 , 0.030460 , -0.056834
-0.011795 , -0.013841 , 0.002046
0.023928 , 0.047134 , -0.023206
0.033965 , 0.016666 , 0.017299
0.073683 , 0.009326 , 0.064357
0.024366 , -0.002689 , 0.027055
0.029917 , 0.051070 , -0.021153
0.071429 , 0.052575 , 0.018854
-0.040044 , 0.030219 , -0.070263
0.046345 , 0.025349 , 0.020996
-0.012832 , 0.055489 , -0.068321
0.011430 , -0.001206 , 0.012636
0.001551 , 0.045261 , -0.043710
0.019690 , -0.011397 , 0.031087
-0.053461 , 0.015222 , -0.068683
0.008527 , -0.046428 , 0.054955
-0.017864 , 0.020170 , -0.038034
0.006665 , -0.032045 , 0.038710
-0.089609 , 0.013447 , -0.103056
0.032776 , -0.044721 , 0.077497
0.039120 , 0.106442 , -0.067322
0.025882 , 0.045001 , -0.019119
0.038991 , -0.060987 , 0.099978
0.068433 , -0.005463 , 0.073896
0.030992 , 0.048998 , -0.018006
0.070541 , 0.040369 , 0.030172
0.027331 , 0.071773 , -0.044442
0.037901 , 0.035245 , 0.002656
-0.034410 , 0.054704 , -0.089114
-0.003636 , -0.002604 , -0.001032
-0.085766 , 0.086763 , -0.172529
0.042315 , -0.033129 , 0.075444
0.037916 , 0.006778 , 0.031138
0.084133 , -0.038156 , 0.122289
0.041491 , -0.066501 , 0.107992
-0.026112 , 0.090684 , -0.116796
