#TGT, OUT, ERROR
0.044786
-0.042866
-0.074698
-0.096803
-0.035594
0.111134
0.000738
-0.066753
0.053744
-0.135571
0.078308
0.036411
0.052601
0.099945
-0.015088
0.015319
0.075775
-0.042232
0.088187
-0.081041
0.044094
0.028206
0.054714
-0.064808
0.027658
-0.013457
-0.054865
-0.014432
-0.029450
0.000000
-0.075775
-0.081988
0.143055
-0.015730
0.000000
0.031788
-0.107745
-0.017169
0.087733
-0.064597
0.034529
0.066753
0.015557
0.046128
0.014644
-0.028865
-0.015026
0.030344
-0.088187
-0.032298
0.049972
-0.063400
0.050816
-0.048358
-0.067879
0.036411
-0.017663
-0.142857
-0.017981
0.021127
0.020920
-0.020491
-0.104138
0.116243
0.020920
-0.061247
-0.000000
-0.065243
0.046446
-0.022070
-0.022818
0.023351
0.045386
-0.000000
-0.065243
0.023351
-0.068205
-0.024489
-0.124966
-0.000000
0.000000
-0.028689
0.029536
0.228562
0.000000
0.139595
-0.020491
-0.000000
0.041609
-0.039947
0.020920
-0.081738
0.022315
-0.000000
0.021828
0.127465
0.018946
-0.074172
0.000000
0.000000
0.120062
0.035862
0.017120
0.017019
0.000000
-0.050018
-0.035037
0.018054
0.000000
-0.035665
0.000000
0.036984
-0.035665
0.018594
0.000000
-0.036510
-0.018738
0.019096
0.132209
-0.066752
0.035862
0.017120
-0.101739
0.000000
0.075578
-0.052652
0.074172
0.000000
-0.034621
-0.035665
-0.018594
0.056631
-0.071330
-0.019308
-0.098010
0.130487
-0.057713
0.040757
-0.019688
-0.059810
-0.000000
0.021127
0.000000
0.083448
0.000000
0.000000
0.038404
-0.018594
0.000000
-0.056631
-0.019863
-0.020491
-0.020690
-0.021362
-0.000000
-0.000000
-0.021828
0.022315
0.021828
-0.042723
0.022315
0.021828
0.000000
0.127465
-0.018738
-0.038617
-0.019863
0.040757
-0.019688
-0.059810
-0.042723
0.044630
0.000000
-0.021362
0.021828
-0.085211
-0.046446
0.073197
0.045386
0.000000
0.000000
0.260974
0.086171
-0.063573
-0.016832
0.034430
-0.033284
0.068861
0.016195
-0.079335
0.051550
-0.032742
0.169441
0.043499
0.097318
-0.012709
-0.000000
-0.023342 , -0.003977 , -0.019365
0.035723 , -0.050724 , 0.086447
-0.080398 , -0.219035 , 0.138637
0.037507 , -0.067932 , 0.105439
0.000000 , -0.040037 , 0.040037
-0.048243 , -0.042036 , -0.006207
0.037983 , 0.009579 , 0.028404
0.000000 , 0.030792 , -0.030792
0.060946 , 0.011363 , 0.049583
0.000000 , 0.013717 , -0.013717
0.126427 , 0.009750 , 0.116677
-0.030620 , 0.031745 , -0.062365
0.052719 , 0.040948 , 0.011771
-0.000000 , -0.102826 , 0.102826
-0.100053 , 0.043401 , -0.143454
0.022306 , -0.035498 , 0.057804
-0.130455 , -0.004476 , -0.125979
0.075013 , 0.105873 , -0.030860
-0.034889 , -0.021180 , -0.013709
0.048116 , 0.015500 , 0.032616
-0.034491 , -0.132085 , 0.097594
-0.011824 , 0.087251 , -0.099075
-0.048243 , 0.002673 , -0.050916
0.050689 , -0.008745 , 0.059434
0.048116 , -0.002608 , 0.050724
0.057566 , -0.020774 , 0.078340
-0.010910 , 0.110179 , -0.121089
0.054917 , 0.152387 , -0.097470
-0.010456 , 0.056927 , -0.067383
-0.063063 , 0.046868 , -0.109931
0.033713 , 0.134624 , -0.100911
0.054318 , -0.126463 , 0.180781
0.020586 , 0.006628 , 0.013958
0.010139 , 0.018165 , -0.008026
-0.010037 , 0.030217 , -0.040254
0.030309 , 0.037456 , -0.007147
0.039258 , 0.068035 , -0.028777
-0.028307 , -0.063482 , 0.035175
-0.038876 , 0.018871 , -0.057747
0.010139 , 0.067021 , -0.056882
-0.020074 , 0.011615 , -0.031689
0.051105 , 0.018078 , 0.033027
-0.038876 , -0.007127 , -0.031749
0.030309 , -0.005311 , 0.035620
0.009840 , 0.006396 , 0.003444
0.048518 , 0.015957 , 0.032561
0.000000 , 0.022484 , -0.022484
-0.018490 , 0.006972 , -0.025462
0.028207 , 0.021577 , 0.006630
0.036739 , 0.013583 , 0.023156
-0.046283 , 0.027338 , -0.073621
-0.039216 , 0.006238 , -0.045454
-0.071429 , 0.034664 , -0.106093
0.032967 , 0.049387 , -0.016420
-0.000000 , -0.023664 , 0.023664
0.085106 , -0.123341 , 0.208447
-0.068627 , 0.001732 , -0.070359
0.031579 , 0.000911 , 0.030668
-0.010204 , -0.005525 , -0.004679
-0.010309 , -0.040948 , 0.030639
