#TGT, OUT, ERROR
0.032999
-0.006488
-0.104197
0.003993
-0.089585
0.042164
0.027248
0.000380
0.033678
-0.047586
0.080752
0.026347
0.005517
0.137932
-0.015147
0.063293
-0.021243
-0.002408
0.059516
-0.081824
-0.009312
0.059558
0.032250
-0.044169
0.014998
-0.004720
-0.087255
-0.001638
0.022817
-0.044578
-0.057349
-0.084173
0.100403
-0.017205
0.000000
-0.032468
-0.051651
0.031081
0.075500
0.000000
0.014014
0.055367
0.061971
0.029329
0.054296
0.018216
-0.050029
0.014711
-0.115948
0.006568
0.012049
-0.053754
-0.006772
-0.058247
-0.065424
0.042796
0.029439
-0.072116
-0.011713
-0.013844
-0.078170
-0.024739
-0.005808
0.172655
-0.044363
0.012392
0.031622
-0.072794
0.087193
0.037601
0.012830
-0.061469
0.055124
0.025179
-0.038133
-0.010742
0.078264
-0.079880
-0.056949
-0.039636
-0.006247
0.049879
0.052319
0.009514
0.003742
0.088005
0.025848
-0.036909
0.080115
0.030644
0.051658
0.000000
-0.008924
0.053216
-0.011318
-0.073823
0.085715
-0.035069
0.059099
0.018589
-0.008431
0.073380
0.013456
0.002605
-0.040262
-0.047366
-0.034106
0.073563
0.042434
-0.024963
-0.000000
-0.033367
-0.084062
0.044329
0.071858
-0.043076
-0.042275
0.045715
-0.064856
-0.000293
-0.019063
-0.037823
-0.056406
-0.039852
0.035858
-0.151190
-0.003845
0.176169
-0.053084
0.028600
-0.110538
-0.051158
-0.011622
-0.070348
-0.063517
0.242880
0.024616
-0.064696
0.023912
-0.027591
0.038871
-0.041611
0.017556
0.075415
-0.000000
-0.000000
0.046994
0.082346
-0.060159
-0.024665
-0.027651
-0.011789
-0.041162
-0.060927
0.044804
0.060743
0.056078
-0.018363
0.104578
-0.003228
0.036138
0.010803
0.062064
0.025948
0.012681
-0.025321
-0.014089
-0.013031
-0.006601
-0.018211
-0.064208
0.007233
0.000000
-0.014362
0.023669
-0.044434
-0.044607
0.050610
0.088882
0.052711
0.071102
0.085949
0.037513
-0.062652
0.048280
0.126708
-0.048854
0.083139
-0.039912
0.042789
-0.015468
-0.035483
0.107385
0.016734
0.090108
-0.011268
-0.000000
-0.058105 , 0.007975 , -0.066080
0.106178 , 0.105307 , 0.000871
-0.109693 , -0.196624 , 0.086931
0.085435 , 0.132133 , -0.046698
-0.064324 , 0.028983 , -0.093307
0.033158 , -0.097957 , 0.131115
0.017611 , -0.015314 , 0.032925
-0.034612 , -0.072774 , 0.038162
-0.015939 , 0.016578 , -0.032517
-0.008099 , -0.004099 , -0.004000
0.033667 , -0.006694 , 0.040361
-0.038500 , -0.007537 , -0.030963
0.090346 , -0.030168 , 0.120514
0.000000 , 0.044286 , -0.044286
-0.097930 , 0.005229 , -0.103159
-0.055736 , 0.023300 , -0.079036
-0.062512 , 0.007202 , -0.069714
-0.035718 , -0.064511 , 0.028793
0.024685 , -0.065987 , 0.090672
0.040731 , -0.012039 , 0.052770
0.003714 , -0.024695 , 0.028409
0.087469 , 0.012058 , 0.075411
0.008519 , 0.064097 , -0.055578
0.000201 , 0.029129 , -0.028928
0.049778 , 0.059974 , -0.010196
0.030945 , 0.034755 , -0.003810
0.027993 , 0.027244 , 0.000749
0.050585 , 0.030715 , 0.019870
-0.028710 , 0.060426 , -0.089136
0.012398 , -0.041715 , 0.054113
0.047275 , 0.099802 , -0.052527
0.015109 , 0.008750 , 0.006359
-0.064674 , 0.016603 , -0.081277
-0.022716 , 0.087438 , -0.110154
0.010182 , 0.010917 , -0.000735
0.048554 , -0.041422 , 0.089976
0.090743 , -0.015932 , 0.106675
0.076389 , 0.018401 , 0.057988
-0.019077 , 0.085320 , -0.104397
0.029090 , 0.055884 , -0.026794
-0.000000 , 0.061882 , -0.061882
0.014070 , 0.030518 , -0.016448
-0.060245 , 0.021953 , -0.082198
0.031318 , 0.041148 , -0.009830
0.004767 , 0.051286 , -0.046519
0.006325 , -0.016286 , 0.022611
-0.016500 , -0.043264 , 0.026764
0.095637 , 0.014325 , 0.081312
-0.029344 , 0.009122 , -0.038466
-0.010685 , -0.002639 , -0.008046
-0.066509 , 0.052027 , -0.118536
-0.043675 , 0.023352 , -0.067027
-0.037493 , -0.009670 , -0.027823
0.071957 , -0.033788 , 0.105745
-0.031628 , -0.015129 , -0.016499
0.127519 , -0.026657 , 0.154176
0.004622 , 0.039400 , -0.034778
-0.018405 , 0.016943 , -0.035348
0.017187 , 0.040916 , -0.023729
-0.006144 , 0.031482 , -0.037626
