#TGT, OUT, ERROR
0.047641
-0.042327
-0.069325
-0.020353
-0.033213
0.055040
0.026812
-0.002564
0.035987
0.002481
0.039145
0.041432
0.006440
0.045449
-0.006521
0.037771
-0.021693
-0.013271
0.039945
-0.053498
0.069719
0.017904
0.043919
-0.038064
0.008331
-0.004131
-0.064348
0.048823
-0.002547
-0.054710
-0.098626
-0.004463
0.130917
-0.049952
-0.000000
0.116304
-0.021254
-0.044304
0.055720
-0.057809
0.065833
0.071405
0.039606
0.082624
0.045282
0.056351
-0.043881
0.016201
-0.165668
0.035422
-0.041341
-0.060766
0.043399
-0.055595
0.046595
0.072852
0.035887
-0.082734
-0.007126
0.029991
-0.076104
-0.013037
-0.012336
0.095280
-0.035422
-0.020402
0.047474
-0.069182
0.068354
0.019994
0.019602
-0.001134
0.034644
0.049511
-0.042585
-0.022216
0.004564
-0.054659
-0.038699
-0.086311
0.080845
0.016801
0.055767
-0.001555
0.038435
0.026803
-0.007398
-0.000000
0.001851
0.072116
0.068944
-0.062885
0.047825
0.066611
-0.006316
-0.088591
0.045157
-0.053174
0.077214
0.026047
0.038098
0.055050
-0.020595
0.023665
-0.034405
-0.038600
-0.015599
0.048094
0.056459
-0.057136
-0.000000
-0.053522
0.046421
-0.046282
0.086746
-0.047323
0.026801
-0.013221
-0.055244
-0.037344
0.060025
-0.036994
-0.045776
-0.044635
-0.072984
-0.125018
0.047646
0.126775
-0.056042
0.034176
-0.054545
-0.047631
-0.065643
-0.010786
-0.113236
0.175303
0.047163
-0.044612
0.003355
0.034166
-0.036702
-0.015721
0.016427
0.123812
-0.000000
-0.000000
0.011445
0.032274
-0.082499
-0.020414
-0.024128
0.002391
-0.051662
-0.089974
0.070854
-0.025634
0.026308
0.031265
0.044252
0.010513
0.036708
-0.022721
0.055810
0.035273
0.076612
-0.004385
-0.060349
0.024549
-0.030942
-0.002142
-0.074191
0.006428
-0.000000
-0.018270
0.039620
-0.058781
-0.075259
0.142200
0.036116
0.031770
0.060763
0.121707
-0.014196
-0.065463
0.020385
0.093933
-0.024139
0.072430
-0.059285
0.082292
0.003554
-0.048027
0.060291
0.041843
0.102774
0.051751
-0.000000
-0.052656 , 0.029157 , -0.081813
0.055856 , 0.007546 , 0.048310
-0.075018 , -0.001078 , -0.073940
0.063730 , 0.077546 , -0.013816
-0.037170 , 0.055459 , -0.092629
-0.041098 , -0.019391 , -0.021707
0.073292 , -0.014784 , 0.088076
-0.079363 , 0.053393 , -0.132756
0.031665 , 0.075584 , -0.043919
-0.028143 , 0.043443 , -0.071586
0.025150 , -0.014226 , 0.039376
0.027093 , -0.028438 , 0.055531
0.066371 , -0.002714 , 0.069085
-0.000000 , -0.001600 , 0.001600
-0.054688 , 0.028204 , -0.082892
-0.031262 , 0.032696 , -0.063958
-0.076648 , 0.056100 , -0.132748
-0.031209 , 0.257923 , -0.289132
-0.023830 , -0.035388 , 0.011558
0.097006 , -0.047142 , 0.144148
0.009031 , 0.098833 , -0.089802
0.067547 , -0.060492 , 0.128039
-0.023494 , 0.103863 , -0.127357
-0.007103 , 0.026288 , -0.033391
0.022707 , 0.028385 , -0.005678
0.029228 , 0.005796 , 0.023432
0.084929 , -0.030434 , 0.115363
0.053658 , 0.024536 , 0.029122
-0.001241 , 0.038832 , -0.040073
0.012450 , 0.045301 , -0.032851
0.068538 , 0.036774 , 0.031764
0.016317 , 0.034811 , -0.018494
-0.058804 , -0.014963 , -0.043841
0.005277 , -0.000163 , 0.005440
-0.000299 , 0.002749 , -0.003048
0.041512 , -0.008111 , 0.049623
0.123300 , -0.010555 , 0.133855
0.037567 , 0.021809 , 0.015758
-0.079200 , 0.038542 , -0.117742
0.049319 , 0.028708 , 0.020611
0.003926 , 0.301001 , -0.297075
0.015260 , 0.017864 , -0.002604
-0.031082 , 0.012833 , -0.043915
0.008595 , 0.014991 , -0.006396
0.008521 , 0.024585 , -0.016064
0.019983 , 0.022230 , -0.002247
0.018183 , -0.009474 , 0.027657
0.094051 , -0.008488 , 0.102539
0.006488 , 0.018296 , -0.011808
0.020208 , 0.096950 , -0.076742
-0.014955 , 0.031837 , -0.046792
-0.091277 , 0.040777 , -0.132054
-0.053398 , 0.021399 , -0.074797
0.065171 , -0.022519 , 0.087690
-0.007222 , -0.072073 , 0.064851
0.106284 , -0.026809 , 0.133093
-0.030685 , -0.008696 , -0.021989
0.002638 , 0.031142 , -0.028504
0.042285 , 0.109007 , -0.066722
0.018933 , -0.006144 , 0.025077
