#TGT, OUT, ERROR
0.009439
-0.015537
-0.061915
0.041717
-0.100044
-0.058465
0.023545
0.029997
0.067899
-0.000689
0.027980
0.077554
-0.008858
0.082810
0.011800
0.005800
0.005766
-0.063189
0.015938
-0.039849
-0.011375
0.030544
0.092638
-0.035610
0.057411
-0.052047
-0.053239
0.030924
-0.029997
0.024699
0.003632
-0.093631
0.137060
0.013407
-0.000000
-0.074718
-0.014298
-0.054155
0.103776
-0.036853
0.031875
0.035151
0.042961
0.046309
0.069955
0.006114
-0.058360
0.115872
-0.117856
0.029591
-0.005335
-0.037430
0.016657
0.007485
-0.077332
0.068852
-0.047630
-0.073555
0.073008
0.005952
-0.058857
0.062537
-0.070566
0.089861
0.016232
-0.078291
0.047722
0.047365
0.005085
-0.005059
0.014117
-0.014452
0.009038
-0.008423
0.019800
0.008271
0.038455
-0.179888
-0.005806
-0.068778
-0.002804
-0.027895
0.095981
0.080283
-0.170299
0.089571
0.094510
-0.001819
-0.012563
0.028543
0.018522
0.006104
-0.000000
0.048158
-0.045946
-0.048221
0.047444
-0.039272
0.059749
0.003019
0.030163
0.051106
0.032793
0.015326
-0.075042
-0.025328
-0.000000
0.092480
-0.037025
-0.022020
-0.000000
-0.133866
-0.046333
0.013841
0.035662
-0.074786
-0.034964
-0.062971
-0.130466
-0.009060
0.042168
0.034375
-0.093639
-0.014132
0.061985
-0.156981
-0.042548
0.109995
-0.009009
-0.036362
-0.067090
-0.073035
-0.089698
0.065253
-0.098754
0.140083
0.037720
-0.094955
-0.028505
0.046669
-0.038215
-0.029147
0.009559
0.162155
0.000000
-0.000000
0.116282
-0.001038
-0.057356
-0.037605
-0.102298
-0.012812
-0.049289
0.040926
0.072090
0.020786
0.000000
-0.003593
0.075718
-0.056981
0.055689
0.026935
0.043710
0.010478
0.101522
-0.072410
-0.014202
0.058650
-0.010673
-0.019668
-0.089178
-0.005504
-0.000000
-0.043140
-0.016188
-0.064623
-0.021360
0.091143
0.074114
-0.069000
-0.023532
0.102414
0.098356
-0.061692
0.007430
0.024202
0.068853
0.019263
-0.028300
0.126172
-0.002542
-0.040693
0.083830
0.044041
0.067687
-0.037992
-0.000000
-0.023112 , 0.004414 , -0.027526
-0.010265 , 0.042406 , -0.052671
-0.123491 , 0.001219 , -0.124710
0.086346 , -0.030154 , 0.116500
-0.096247 , -0.016791 , -0.079456
0.009322 , -0.031643 , 0.040965
0.045807 , -0.045469 , 0.091276
-0.026316 , 0.071054 , -0.097370
-0.013468 , 0.017982 , -0.031450
-0.046620 , 0.005913 , -0.052533
0.047925 , 0.000791 , 0.047134
-0.013664 , -0.008495 , -0.005169
0.035152 , -0.017785 , 0.052937
0.000000 , 0.014496 , -0.014496
-0.050983 , 0.012398 , -0.063381
-0.037797 , 0.046706 , -0.084503
-0.057827 , 0.002171 , -0.059998
-0.042328 , -0.021511 , -0.020817
-0.022099 , -0.035204 , 0.013105
0.098305 , -0.044888 , 0.143193
-0.003086 , -0.041454 , 0.038368
0.099071 , -0.090622 , 0.189693
-0.007512 , 0.089144 , -0.096656
-0.049196 , -0.003833 , -0.045363
0.009950 , 0.097086 , -0.087136
-0.004926 , 0.017608 , -0.022534
0.039604 , -0.026325 , 0.065929
0.007619 , -0.008731 , 0.016350
-0.005671 , -0.047977 , 0.042306
-0.087452 , 0.016045 , -0.103497
0.037500 , 0.008476 , 0.029024
0.029116 , -0.002802 , 0.031918
-0.033171 , -0.015502 , -0.017669
0.007064 , -0.006890 , 0.013954
-0.017034 , -0.037891 , 0.020857
0.013252 , 0.072704 , -0.059452
0.028169 , -0.003679 , 0.031848
0.025440 , 0.014010 , 0.011430
0.011450 , 0.018032 , -0.006582
-0.023585 , 0.013347 , -0.036932
0.012560 , 0.009595 , 0.002965
0.035305 , 0.002625 , 0.032680
-0.026728 , 0.014472 , -0.041200
0.121212 , 0.007793 , 0.113419
-0.003378 , -0.130077 , 0.126699
0.065254 , 0.050169 , 0.015085
-0.089101 , 0.053571 , -0.142672
0.026201 , -0.197266 , 0.223467
-0.024681 , -0.002133 , -0.022548
0.016579 , -0.009473 , 0.026052
-0.086695 , -0.014612 , -0.072083
0.005639 , -0.058720 , 0.064359
-0.000935 , -0.011408 , 0.010473
0.122544 , -0.025900 , 0.148444
-0.054167 , -0.030602 , -0.023565
0.081938 , 0.042765 , 0.039173
0.026059 , 0.240730 , -0.214671
0.046032 , 0.024609 , 0.021423
0.107739 , 0.011767 , 0.095972
-0.065753 , 0.032492 , -0.098245
