#TGT, OUT, ERROR
-0.000000
0.009095
-0.039043
0.031250
-0.040397
0.136834
-0.037031
-0.115384
0.146738
-0.016112
-0.031800
0.038810
-0.013420
0.053412
-0.038721
0.023568
-0.043966
-0.015020
-0.035519
-0.063156
0.084880
0.010517
0.040471
0.005548
0.014377
-0.001092
-0.127603
-0.037495
0.032471
0.017605
0.019778
0.033951
0.077380
-0.020682
0.000000
-0.065564
-0.047563
0.061178
0.069421
-0.073715
-0.008311
0.156832
-0.009579
0.104200
0.026260
0.127957
-0.026037
0.016379
0.039904
-0.028577
0.096640
-0.169254
0.086944
0.027284
-0.041249
-0.011165
0.091253
-0.077586
-0.018695
0.018099
0.060800
0.005292
0.021934
0.012864
0.011867
-0.024279
0.015440
-0.048601
0.029541
-0.026090
0.013394
0.000000
0.018535
0.039069
-0.025964
0.052395
0.048903
-0.059118
-0.004427
-0.003560
-0.036961
0.121483
0.065838
0.016418
-0.046153
-0.047577
0.061811
0.029501
-0.008515
0.054690
0.051111
-0.034535
0.009489
0.037515
0.010531
-0.001384
0.025712
-0.000000
-0.033890
-0.007713
0.014851
0.057883
0.016025
0.024133
-0.003433
0.033793
0.006574
0.017624
0.024440
0.004377
-0.000000
0.020591
0.003098
-0.042731
-0.025458
0.039184
-0.009384
-0.050839
-0.076909
0.037096
0.010616
0.043153
0.052708
-0.086350
0.029334
-0.005681
0.008571
0.049616
0.009489
0.014057
-0.010545
0.053975
0.050966
0.033908
-0.004053
0.105945
-0.011719
-0.025302
0.027585
-0.016107
-0.032811
0.034503
0.004894
-0.032633
0.000000
0.000000
-0.002661
0.014207
-0.008391
0.012406
0.001629
0.027792
0.011353
0.033676
0.026392
0.025393
-0.050341
0.065653
0.043193
-0.064980
-0.002978
-0.022875
0.008324
0.024958
0.021645
-0.021186
0.064305
0.076677
-0.036789
0.062707
0.041466
0.005563
0.000000
-0.013728
-0.001766
0.033973
-0.021083
0.071910
0.024360
0.013763
0.053472
0.041027
-0.009389
-0.030306
0.001403
0.073755
0.046757
-0.049225
-0.027157
0.037725
0.010914
-0.009351
-0.009075
0.047999
-0.026216
0.012540
0.000000
-0.018109 , 0.000660 , -0.018769
0.028689 , 0.043932 , -0.015243
-0.144221 , 0.125281 , -0.269502
0.057161 , 0.098141 , -0.040980
-0.014785 , -0.165866 , 0.151081
-0.026501 , -0.195741 , 0.169240
0.037061 , 0.047033 , -0.009972
-0.021787 , -0.017228 , -0.004559
0.003341 , 0.011125 , -0.007784
-0.003330 , -0.005063 , 0.001733
0.013327 , -0.006006 , 0.019333
-0.008933 , 0.012273 , -0.021206
-0.035662 , -0.007750 , -0.027912
0.000000 , -0.017154 , 0.017154
-0.084347 , -0.008732 , -0.075615
-0.001499 , -0.047272 , 0.045773
0.020812 , -0.035864 , 0.056676
0.027740 , 0.098055 , -0.070315
-0.021616 , -0.011880 , -0.009736
0.012885 , -0.007530 , 0.020415
0.003668 , 0.003903 , -0.000235
0.068815 , 0.004621 , 0.064194
-0.003383 , 0.015860 , -0.019243
0.003394 , 0.005315 , -0.001921
0.000691 , 0.018287 , -0.017596
0.018030 , 0.006910 , 0.011120
-0.013354 , 0.031226 , -0.044580
0.013535 , -0.002302 , 0.015837
-0.020281 , 0.000152 , -0.020433
0.019025 , -0.000390 , 0.019415
0.019027 , 0.006150 , 0.012877
-0.011863 , 0.009289 , -0.021152
-0.008596 , -0.000502 , -0.008094
-0.005195 , -0.001937 , -0.003258
0.001044 , -0.007906 , 0.008950
0.021550 , -0.005761 , 0.027311
0.039197 , -0.004301 , 0.043498
0.043615 , 0.009748 , 0.033867
0.003182 , 0.021736 , -0.018554
0.018839 , 0.010766 , 0.008073
-0.015409 , 0.029112 , -0.044521
-0.007519 , 0.027317 , -0.034836
-0.009819 , 0.016684 , -0.026503
0.038286 , -0.000060 , 0.038346
0.013820 , 0.009117 , 0.004703
0.063635 , -0.001372 , 0.065007
0.059828 , 0.071288 , -0.011460
0.018817 , 0.034113 , -0.015296
-0.045630 , 0.032884 , -0.078514
-0.004468 , 0.066135 , -0.070603
-0.004174 , 0.167450 , -0.171624
-0.033616 , 0.005432 , -0.039048
-0.050143 , -0.008114 , -0.042029
0.007005 , -0.018699 , 0.025704
-0.084845 , -0.052603 , -0.032242
0.092711 , -0.037512 , 0.130223
-0.045466 , 0.022855 , -0.068321
0.059051 , -0.049062 , 0.108113
0.019508 , -0.002717 , 0.022225
-0.035738 , 0.048872 , -0.084610
