#TGT, OUT, ERROR
0.010945
0.097287
-0.012982
0.015832
-0.196067
-0.008160
0.018523
-0.012331
-0.073436
0.147701
0.154065
-0.091678
-0.006968
0.003323
-0.005513
0.149996
-0.034631
0.013358
-0.014000
-0.065448
0.134337
0.012761
0.026121
0.004697
-0.006031
-0.036422
-0.078730
-0.012151
-0.001556
-0.012118
-0.061243
-0.056243
0.073273
0.047036
-0.000000
0.002479
-0.054500
-0.023973
0.152368
-0.044796
0.078052
0.094763
0.014176
0.018474
0.070138
0.054288
-0.085138
-0.000000
0.033969
-0.007147
0.028781
-0.038679
-0.002121
-0.020261
-0.027641
0.119075
-0.021995
0.000000
0.059301
-0.034751
-0.040003
-0.029155
0.025955
0.070908
0.125113
-0.010218
-0.034359
-0.034884
-0.108436
0.081353
0.049730
-0.073334
0.014906
-0.034434
-0.039330
-0.031925
0.031851
-0.084427
-0.075496
-0.112322
-0.043281
-0.017492
0.067714
0.009052
0.005741
0.160304
0.040005
0.091715
-0.029818
0.050010
0.028991
-0.069294
0.022237
-0.002730
0.051779
0.081605
-0.029945
-0.074323
0.042944
-0.002556
-0.012812
0.083634
-0.012468
0.184469
-0.028076
-0.108996
0.005202
0.050379
0.084775
-0.003977
0.000000
-0.065403
0.110638
-0.003952
0.003767
-0.039400
-0.047309
0.027328
-0.090905
0.165613
-0.016535
0.149546
-0.122690
-0.103378
-0.105876
-0.040528
0.110801
0.017295
-0.058261
0.005160
-0.092309
-0.002821
-0.161483
0.043920
-0.019404
0.339264
-0.045097
-0.001288
0.052969
0.116573
0.004389
0.083157
0.018174
-0.003962
-0.000000
-0.000000
0.040001
0.022795
0.026254
0.012791
0.104852
0.040461
0.004663
-0.031311
-0.038496
-0.011741
0.023675
0.075395
0.003804
-0.003016
0.023041
-0.009024
0.029461
0.074482
-0.058042
0.006683
-0.027066
0.036743
0.028642
0.098369
-0.022534
0.058157
-0.000000
0.011698
0.062584
0.046750
-0.012706
0.134540
0.030248
0.067871
0.076902
-0.082021
0.075263
-0.034767
0.079911
0.122296
-0.033488
0.034648
-0.037759
0.026297
0.010904
0.013411
0.028134
0.069186
0.042149
-0.018055
0.000000
0.012187 , -0.060947 , 0.073134
0.036148 , 0.014368 , 0.021780
-0.052393 , 0.050581 , -0.102974
0.065105 , 0.233965 , -0.168860
0.042620 , 0.047002 , -0.004382
-0.006398 , 0.259587 , -0.265985
0.084285 , 0.024390 , 0.059895
-0.020500 , 0.023381 , -0.043881
-0.010465 , 0.172286 , -0.182751
-0.031749 , 0.015235 , -0.046984
0.086884 , -0.020766 , 0.107650
-0.009812 , 0.031153 , -0.040965
-0.050525 , 0.017241 , -0.067766
0.000000 , -0.009158 , 0.009158
-0.128332 , -0.033056 , -0.095276
-0.050733 , 0.001264 , -0.051997
-0.143645 , -0.005891 , -0.137754
0.125012 , -0.005064 , 0.130076
0.023651 , -0.334581 , 0.358232
0.031650 , 0.021098 , 0.010552
-0.010326 , -0.143636 , 0.133310
0.010351 , -0.041178 , 0.051529
-0.032698 , 0.041839 , -0.074537
0.067042 , 0.069112 , -0.002070
0.004488 , 0.032957 , -0.028469
0.116951 , -0.066002 , 0.182953
-0.025882 , -0.004017 , -0.021865
0.041787 , 0.015326 , 0.026461
0.054950 , 0.107361 , -0.052411
-0.045275 , 0.047380 , -0.092655
0.050414 , -0.060305 , 0.110719
-0.030243 , -0.008906 , -0.021337
0.010170 , 0.050933 , -0.040763
0.000671 , 0.006926 , -0.006255
-0.008495 , -0.004956 , -0.003539
-0.030440 , 0.015256 , -0.045696
0.010465 , -0.013267 , 0.023732
0.082854 , -0.009412 , 0.092266
-0.074601 , 0.015039 , -0.089640
-0.079927 , 0.016291 , -0.096218
0.039690 , -0.073332 , 0.113022
0.050900 , 0.001319 , 0.049581
-0.003884 , 0.060669 , -0.064553
0.068807 , -0.016386 , 0.085193
0.040773 , 0.027254 , 0.013519
0.051546 , 0.087714 , -0.036168
-0.066863 , 0.098924 , -0.165787
0.054423 , -0.013030 , 0.067453
-0.007373 , -0.114019 , 0.106646
0.016463 , 0.039466 , -0.023003
-0.089473 , 0.011227 , -0.100700
0.052061 , -0.018839 , 0.070900
0.049485 , -0.006323 , 0.055808
0.049116 , 0.035519 , 0.013597
0.013109 , 0.015156 , -0.002047
0.046211 , 0.010620 , 0.035591
0.033569 , 0.029876 , 0.003693
0.058632 , 0.045564 , 0.013068
0.073793 , 0.060874 , 0.012919
0.005714 , 0.115576 , -0.109862
