#TGT, OUT, ERROR
0.014282
-0.029748
-0.003399
0.041850
-0.132846
0.106005
0.000394
-0.034648
0.030521
-0.104815
0.062560
0.005132
-0.072513
0.036376
-0.048306
0.121729
-0.066967
0.012323
0.050399
-0.047574
0.034794
0.092209
-0.019516
-0.025170
0.055460
0.001186
-0.053294
-0.008296
-0.016797
-0.017152
-0.121264
0.063800
0.041379
-0.017856
-0.000000
-0.007761
-0.081837
-0.017195
0.121589
-0.039499
0.042092
0.023449
0.027382
0.021825
0.051234
-0.047535
-0.039673
0.103522
-0.118204
-0.006614
0.018469
-0.032122
0.033188
-0.018627
0.001934
0.007077
0.023921
-0.044922
0.032663
0.070219
0.030409
0.029129
0.041001
-0.076392
0.065640
-0.064015
-0.102557
0.006693
0.017013
-0.032544
-0.048096
0.010075
0.051005
0.018118
-0.029447
-0.013970
-0.047816
-0.019529
-0.127095
-0.071894
-0.121366
0.080091
0.088483
0.062429
-0.078763
0.117437
-0.034283
0.177502
0.055286
-0.021445
0.103692
-0.016791
0.040390
-0.003452
0.038042
-0.035388
0.024610
-0.043578
-0.038103
-0.033795
0.074971
0.127884
0.022700
0.056474
-0.034360
-0.011842
0.023968
-0.023407
0.027982
0.078202
0.000000
-0.025608
0.085161
-0.010568
0.010681
0.000000
-0.040951
-0.003571
-0.092822
0.070828
-0.042268
0.059102
-0.021355
0.055535
-0.052613
-0.040722
-0.015497
-0.015685
-0.027871
0.057400
0.015502
0.106856
0.017252
0.060353
0.037395
0.116800
0.053400
0.003267
-0.072610
-0.037372
0.020753
0.047234
0.046476
0.074020
0.000000
-0.000000
-0.035105
-0.011139
-0.038767
0.027927
0.038975
0.172711
-0.019807
0.038740
0.077963
-0.056603
-0.099988
0.096297
-0.027029
0.039332
0.091331
-0.010427
-0.010102
0.035620
-0.034395
-0.052068
-0.014305
0.100559
-0.021452
0.006205
-0.032925
0.117026
-0.000000
0.034276
0.042550
-0.002822
-0.030872
0.102589
0.067676
0.100513
-0.024142
0.020654
0.035965
-0.033940
0.023098
0.113739
-0.012677
0.022109
-0.035591
0.013026
0.007419
0.038291
0.067333
0.062192
0.051677
-0.008937
-0.000000
-0.037045 , 0.132889 , -0.169934
0.016351 , 0.082654 , -0.066303
-0.120152 , 0.009977 , -0.130129
0.048382 , 0.081528 , -0.033146
-0.039998 , 0.028471 , -0.068469
-0.019224 , -0.029918 , 0.010694
0.083873 , -0.021999 , 0.105872
-0.015070 , -0.051137 , 0.036067
0.020401 , -0.050320 , 0.070721
-0.033898 , 0.023502 , -0.057400
0.066141 , 0.021944 , 0.044197
0.063107 , 0.056836 , 0.006271
0.007303 , 0.256078 , -0.248775
-0.000000 , 0.027528 , -0.027528
-0.182951 , 0.043327 , -0.226278
-0.026746 , -0.016513 , -0.010233
-0.070804 , -0.063936 , -0.006868
0.056450 , 0.062476 , -0.006026
0.010449 , -0.038350 , 0.048799
0.022993 , -0.026871 , 0.049864
0.024710 , -0.013921 , 0.038631
0.008892 , 0.035775 , -0.026883
-0.002832 , 0.032250 , -0.035082
0.066645 , 0.003322 , 0.063323
-0.006152 , 0.047193 , -0.053345
0.023235 , 0.028987 , -0.005752
0.041566 , 0.033092 , 0.008474
0.089946 , 0.009993 , 0.079953
0.079928 , 0.070922 , 0.009006
-0.009390 , 0.084573 , -0.093963
0.081405 , 0.053106 , 0.028299
0.024319 , 0.006038 , 0.018281
-0.049832 , 0.079969 , -0.129801
0.021190 , 0.019196 , 0.001994
-0.047640 , -0.056177 , 0.008537
0.060735 , 0.020673 , 0.040062
-0.024991 , 0.017192 , -0.042183
0.029758 , 0.030112 , -0.000354
-0.039042 , 0.042550 , -0.081592
-0.021201 , 0.015860 , -0.037061
-0.013685 , -0.063796 , 0.050111
0.021685 , -0.003631 , 0.025316
-0.037324 , -0.005770 , -0.031554
0.082773 , -0.012005 , 0.094778
0.012252 , 0.072193 , -0.059941
0.132458 , 0.038699 , 0.093759
-0.020548 , 0.040202 , -0.060750
0.075309 , 0.050721 , 0.024588
0.004002 , 0.011013 , -0.007011
0.071037 , 0.033612 , 0.037425
-0.098226 , 0.044413 , -0.142639
0.002064 , -0.137461 , 0.139525
0.044716 , -0.012736 , 0.057452
-0.015628 , -0.053954 , 0.038326
-0.013803 , -0.058505 , 0.044702
0.041987 , -0.012872 , 0.054859
0.040225 , 0.012041 , 0.028184
0.023550 , 0.037589 , -0.014039
0.126871 , 0.019900 , 0.106971
0.009223 , 0.035786 , -0.026563
