#TGT, OUT, ERROR
0.080844
-0.048576
-0.148310
-0.047519
-0.125086
0.150139
-0.056720
-0.110167
0.058509
-0.023408
0.140449
0.102644
-0.021442
0.111936
-0.050334
-0.009223
-0.032551
-0.014432
-0.060956
0.013246
-0.013073
0.075309
-0.016424
-0.022589
0.007544
-0.054867
-0.097369
-0.011665
-0.026921
-0.026457
-0.131737
0.043133
0.010015
-0.081921
-0.000000
-0.061354
0.014276
0.027727
0.143964
-0.102623
0.082544
0.117674
0.024854
-0.000288
-0.026995
0.031147
-0.141058
-0.016915
-0.135950
0.019029
0.074789
-0.054815
-0.063217
-0.087968
-0.103458
0.133193
0.050670
-0.166241
0.088263
-0.049823
-0.018968
0.015701
-0.000000
0.118521
-0.013821
-0.114922
-0.086624
-0.028894
-0.151149
-0.006351
0.004980
-0.047076
-0.103916
-0.054270
-0.069565
0.004671
-0.051159
-0.137260
-0.102269
-0.094937
0.012583
-0.026235
0.120564
-0.046836
0.009292
0.244742
0.041226
-0.022341
0.090353
-0.057148
0.007069
-0.042126
-0.007328
0.054847
0.080000
-0.064807
-0.029706
-0.137762
-0.075731
0.043536
0.069932
0.029822
-0.047882
0.098243
-0.073485
-0.137931
-0.032006
-0.063358
0.089715
-0.203781
0.000000
-0.096622
-0.242023
0.096536
0.038390
-0.108713
-0.104877
-0.000001
-0.419625
-0.164329
0.073079
-0.193719
0.123339
-0.086682
0.088581
-0.098810
0.167767
0.613189
-0.205462
0.129322
-0.148853
0.089658
-0.061710
-0.035077
-0.022773
0.130253
-0.053483
-0.082634
0.000000
0.222798
0.073620
0.245499
-0.017386
0.070774
0.000000
-0.000000
0.269991
-0.062913
-0.108791
-0.103895
-0.072477
-0.037489
-0.022720
0.132888
0.005862
-0.023351
-0.038796
0.049711
0.112390
0.010667
0.173661
0.040373
-0.012927
0.045838
-0.008348
-0.010522
0.119138
0.136887
0.232451
-0.194035
0.010098
-0.024993
0.000000
-0.018818
0.066204
-0.022869
-0.128764
0.094046
0.061406
0.049592
-0.039377
0.091815
0.108111
-0.013562
0.041213
0.156992
0.107192
0.037064
-0.046671
-0.010414
0.040000
-0.012142
0.063518
0.005779
-0.043103
-0.021169
0.000000
-0.023858 , -0.008562 , -0.015296
0.083333 , -0.002521 , 0.085854
-0.116920 , 0.052834 , -0.169754
0.073169 , -0.048229 , 0.121398
-0.139615 , 0.191452 , -0.331067
-0.012575 , -0.101647 , 0.089072
0.063689 , 0.060648 , 0.003041
-0.019159 , -0.019334 , 0.000175
0.142861 , 0.030367 , 0.112494
-0.113252 , -0.061827 , -0.051425
0.025310 , 0.089932 , -0.064622
0.019976 , 0.061168 , -0.041192
-0.018442 , -0.011595 , -0.006847
0.000001 , 0.055153 , -0.055152
0.066912 , -0.020599 , 0.087511
-0.042913 , 0.108062 , -0.150975
-0.229882 , -0.007743 , -0.222139
-0.035824 , 0.004242 , -0.040066
0.004653 , -0.062838 , 0.067491
0.084737 , -0.045401 , 0.130138
-0.028401 , -0.314838 , 0.286437
0.081865 , 0.050286 , 0.031579
0.056761 , -0.013139 , 0.069900
0.093345 , 0.022299 , 0.071046
-0.073683 , 0.097343 , -0.171026
0.054285 , 0.019420 , 0.034865
-0.050291 , 0.059181 , -0.109472
-0.001263 , -0.025991 , 0.024728
-0.036616 , -0.043244 , 0.006628
-0.107473 , -0.015844 , -0.091629
0.108661 , 0.031600 , 0.077061
-0.017208 , -0.067936 , 0.050728
-0.009436 , -0.084015 , 0.074579
-0.055784 , -0.003864 , -0.051920
-0.047546 , -0.009887 , -0.037659
-0.004547 , 0.006154 , -0.010701
-0.010642 , -0.034853 , 0.024211
-0.029174 , -0.011958 , -0.017216
-0.050642 , -0.043178 , -0.007464
-0.090006 , -0.080298 , -0.009708
-0.034784 , -0.007068 , -0.027716
0.032257 , -0.048421 , 0.080678
-0.062497 , 0.003578 , -0.066075
0.082336 , -0.133394 , 0.215730
0.108706 , -0.062288 , 0.170994
0.045749 , 0.096980 , -0.051231
-0.103115 , 0.039821 , -0.142936
-0.027889 , -0.034778 , 0.006889
-0.041218 , 0.004548 , -0.045766
0.007492 , -0.037486 , 0.044978
-0.037115 , 0.033143 , -0.070258
-0.042385 , 0.023808 , -0.066193
-0.118717 , -0.030410 , -0.088307
-0.034236 , -0.018534 , -0.015702
0.009448 , -0.035311 , 0.044759
0.084314 , -0.059800 , 0.144114
-0.049675 , -0.024739 , -0.024936
-0.020469 , 0.008206 , -0.028675
0.067287 , -0.011551 , 0.078838
0.089085 , 0.052250 , 0.036835
