#TGT, OUT, ERROR
0.016080
-0.007895
-0.044591
-0.059991
-0.127680
0.045544
0.038098
0.026565
0.075912
-0.074265
0.065207
0.076342
0.089431
0.128183
-0.030439
0.050968
0.020385
-0.007485
0.027699
-0.102927
-0.021864
0.058377
-0.049900
-0.058054
0.078169
0.019968
-0.037270
-0.029251
0.018933
0.011252
-0.030623
-0.086468
0.066046
0.017696
0.000000
0.038248
-0.073132
0.015052
0.091981
-0.027160
-0.027950
0.100821
0.008927
0.066734
0.055270
-0.004764
-0.040659
0.096269
-0.158335
0.081894
-0.023242
0.046055
0.006604
-0.008990
-0.019615
-0.066748
0.012595
-0.052636
0.030139
-0.062071
-0.021685
-0.078285
-0.073711
0.162615
-0.035398
-0.028089
-0.066657
-0.062949
0.089329
0.113263
-0.011678
0.075439
0.002534
0.039872
-0.027563
0.030568
-0.013482
-0.071036
-0.011769
-0.047605
-0.124700
0.106750
0.112912
0.000000
0.014498
0.051416
-0.021748
-0.000000
-0.055269
-0.015000
-0.011646
-0.116259
0.079965
0.068240
0.043070
-0.132746
0.057804
0.041810
0.194451
0.015237
-0.007382
0.061550
-0.009900
0.051459
-0.025501
-0.057382
0.005460
0.041564
-0.020211
-0.020101
0.000000
-0.131681
0.002073
-0.018508
0.012781
-0.050447
-0.022783
-0.036243
-0.100066
0.041055
-0.060953
-0.011416
-0.090757
-0.087025
0.079049
-0.049567
-0.115664
0.115399
-0.080474
0.083532
-0.123664
-0.091624
-0.094503
-0.021138
-0.071284
0.354909
0.039488
-0.074475
-0.037298
0.113964
0.007509
0.020029
-0.024507
0.170863
0.000000
-0.000000
-0.008618
0.019491
-0.153261
-0.012042
-0.055850
-0.025821
-0.031475
-0.099675
0.089224
0.028448
0.009064
0.024631
0.093439
0.029485
-0.009698
0.024507
0.071315
0.030324
0.095074
-0.095342
0.004484
0.084855
-0.050621
-0.059407
-0.057572
0.034224
-0.000001
-0.000001
0.040159
-0.095441
-0.108049
0.059176
0.140424
0.028452
0.006780
0.031573
0.222668
-0.126425
0.022502
0.245477
0.049767
0.094818
-0.057831
0.128361
0.125063
-0.100877
0.059731
-0.001956
0.043726
-0.070600
-0.000000
-0.097868 , -0.006428 , -0.091440
0.032314 , 0.028865 , 0.003449
-0.233000 , 0.033295 , -0.266295
0.068043 , -0.011507 , 0.079550
-0.021934 , -0.054142 , 0.032208
-0.015451 , -0.060146 , 0.044695
0.163083 , -0.066669 , 0.229752
-0.066394 , -0.079145 , 0.012751
-0.009644 , 0.052492 , -0.062136
0.032913 , 0.055364 , -0.022451
0.019387 , 0.026694 , -0.007307
0.019019 , 0.021662 , -0.002643
0.061054 , -0.002222 , 0.063276
-0.000000 , 0.023651 , -0.023651
-0.175668 , 0.035135 , -0.210803
-0.072882 , 0.026053 , -0.098935
-0.116573 , -0.018703 , -0.097870
-0.026316 , -0.067786 , 0.041470
0.042857 , -0.094668 , 0.137525
0.077379 , -0.094013 , 0.171392
0.101375 , -0.013102 , 0.114477
-0.051482 , -0.008993 , -0.042489
0.069079 , 0.115105 , -0.046026
-0.052615 , 0.053966 , -0.106581
0.053263 , 0.039657 , 0.013606
0.020660 , 0.015371 , 0.005289
0.171903 , -0.031490 , 0.203393
0.050271 , 0.044649 , 0.005622
0.066274 , 0.037726 , 0.028548
-0.065378 , 0.086559 , -0.151937
0.034483 , 0.067223 , -0.032740
-0.023810 , 0.068615 , -0.092425
-0.046098 , -0.005109 , -0.040989
-0.021989 , 0.006494 , -0.028483
-0.011765 , -0.014404 , 0.002639
0.094709 , -0.012080 , 0.106789
0.106816 , -0.008259 , 0.115075
0.113537 , 0.022457 , 0.091080
-0.029412 , 0.059667 , -0.089079
-0.026667 , 0.061165 , -0.087832
-0.063927 , 0.052564 , -0.116491
0.012195 , 0.012147 , 0.000048
-0.055860 , -0.011079 , -0.044781
0.048492 , -0.022746 , 0.071238
-0.077008 , -0.015558 , -0.061450
0.062095 , -0.017364 , 0.079459
-0.169300 , -0.003356 , -0.165944
0.057065 , -0.031430 , 0.088495
-0.030847 , -0.020063 , -0.010784
-0.006631 , 0.008996 , -0.015627
-0.092123 , 0.002315 , -0.094438
0.005882 , -0.053174 , 0.059056
-0.065789 , -0.054794 , -0.010995
0.048513 , 0.006874 , 0.041639
0.023881 , -0.026623 , 0.050504
0.033528 , -0.010467 , 0.043995
0.018336 , 0.012548 , 0.005788
0.003324 , 0.041791 , -0.038467
0.025676 , 0.024083 , 0.001593
-0.056797 , 0.021659 , -0.078456
