#TGT, OUT, ERROR
0.016195
-0.017671
-0.069642
-0.051680
-0.107708
0.079440
0.034720
0.006740
0.062672
-0.062416
0.033786
0.113257
0.063931
0.110683
-0.021164
0.055056
0.024293
-0.004671
0.018703
-0.084874
-0.035092
0.054570
-0.052975
-0.042639
0.070348
-0.008893
-0.039686
-0.021309
0.010324
0.003265
-0.029598
-0.086411
0.030923
0.020613
-0.000000
0.063377
-0.070447
-0.012832
0.089770
-0.054196
-0.008613
0.134494
-0.011322
0.050429
0.071628
-0.009390
-0.047989
0.094766
-0.136902
0.013868
0.041106
-0.012375
-0.001334
0.013883
-0.000000
-0.076295
-0.028221
-0.070052
0.052946
-0.080533
-0.013683
-0.108632
-0.081475
0.205662
-0.029781
-0.031013
-0.043065
-0.062827
0.071011
0.062985
0.006976
0.076117
0.006734
0.022046
0.003127
0.031146
-0.012695
-0.078923
0.013260
-0.052129
-0.107577
0.077555
0.151054
-0.031244
0.073893
0.024018
-0.001198
0.017641
-0.053108
-0.050586
0.032096
-0.119761
0.090114
0.048377
0.008064
-0.123349
0.057056
0.044951
0.193474
0.009509
-0.029991
0.060978
0.000808
0.056587
-0.007860
-0.057958
-0.027612
0.052486
-0.005822
-0.027038
0.000000
-0.111948
-0.038689
-0.033237
0.037130
-0.059547
-0.053704
-0.037610
-0.046866
0.029088
-0.046968
-0.022182
-0.061948
-0.056957
0.033360
-0.015945
-0.113539
0.131879
-0.065337
0.043561
-0.087856
-0.089991
-0.064265
-0.023193
-0.085062
0.293693
0.043236
-0.095831
0.010873
0.066313
0.015962
0.016780
0.003090
0.152382
-0.000000
0.000000
0.019570
0.054594
-0.132528
-0.026255
-0.039209
-0.035723
-0.029103
-0.084430
0.097577
0.072164
0.001519
0.032814
0.095372
0.008900
-0.003986
0.040869
0.058486
0.057143
0.105909
-0.083133
0.019652
0.088082
-0.054239
-0.060105
-0.035593
0.063269
-0.000000
-0.028948
0.042554
-0.080002
-0.090508
0.043930
0.112604
0.028968
-0.000794
0.080065
0.144090
-0.097210
0.021614
0.225094
0.044470
0.090213
-0.070165
0.082898
0.025517
-0.044277
0.055701
0.006159
0.046345
-0.051079
-0.000000
-0.064073 , 0.001150 , -0.065223
0.035882 , 0.014667 , 0.021215
-0.192888 , 0.006287 , -0.199175
0.102721 , -0.013895 , 0.116616
-0.057520 , 0.142696 , -0.200216
0.001446 , -0.032672 , 0.034118
0.120472 , -0.147191 , 0.267663
-0.061924 , -0.079359 , 0.017435
-0.001373 , 0.017520 , -0.018893
0.024037 , 0.019490 , 0.004547
0.020816 , 0.011923 , 0.008893
-0.014557 , 0.006944 , -0.021501
0.056101 , 0.002731 , 0.053370
0.000001 , 0.013294 , -0.013293
-0.130397 , 0.013560 , -0.143957
-0.031412 , 0.018720 , -0.050132
-0.127243 , -0.008270 , -0.118973
-0.050467 , -0.033181 , -0.017286
0.086614 , 0.048074 , 0.038540
0.045290 , -0.107357 , 0.152647
0.056846 , 0.117566 , -0.060720
-0.017383 , -0.033891 , 0.016508
0.051402 , 0.026543 , 0.024859
-0.025397 , 0.051038 , -0.076435
0.052117 , 0.009714 , 0.042403
0.027554 , 0.012932 , 0.014622
0.129858 , -0.015287 , 0.145145
0.040000 , 0.049306 , -0.009306
0.020769 , 0.039258 , -0.018489
-0.051495 , 0.075157 , -0.126652
0.040784 , 0.071468 , -0.030684
-0.021628 , 0.008348 , -0.029976
-0.020546 , 0.012778 , -0.033324
-0.004249 , -0.006453 , 0.002204
-0.006667 , -0.011748 , 0.005081
0.073826 , -0.003130 , 0.076956
0.084750 , 0.001412 , 0.083338
0.089883 , 0.031683 , 0.058200
-0.048425 , 0.060406 , -0.108831
-0.006667 , 0.066234 , -0.072901
-0.040268 , 0.046604 , -0.086872
0.004662 , 0.007740 , -0.003078
-0.040139 , -0.011576 , -0.028563
0.061881 , -0.017024 , 0.078905
-0.057592 , -0.000380 , -0.057212
0.038647 , -0.013046 , 0.051693
-0.139535 , 0.002566 , -0.142101
0.050541 , -0.017099 , 0.067640
-0.009519 , 0.138891 , -0.148410
-0.015584 , -0.030370 , 0.014786
-0.089974 , -0.009427 , -0.080547
-0.025515 , -0.034040 , 0.008525
-0.089557 , 0.006627 , -0.096184
0.075163 , -0.040920 , 0.116083
-0.006079 , -0.117043 , 0.110964
0.050459 , -0.025319 , 0.075778
0.003202 , 0.005886 , -0.002684
-0.004644 , 0.011902 , -0.016546
0.042274 , 0.022934 , 0.019340
-0.039161 , 0.021143 , -0.060304
