#TGT, OUT, ERROR
0.040265
0.022962
-0.021896
-0.024635
-0.107385
-0.009263
-0.027691
0.057138
-0.090087
-0.100098
0.127734
0.156227
0.012567
-0.033353
0.094857
-0.003970
-0.012608
-0.014647
-0.008766
-0.065548
-0.026489
0.049738
-0.004379
-0.034396
0.021967
0.017817
-0.094330
0.004646
0.108530
-0.008553
-0.073815
-0.121411
0.118148
-0.037737
0.000000
-0.039320
-0.033066
0.063827
-0.021523
-0.000107
0.027778
0.037730
0.083130
0.048411
0.064310
-0.017343
-0.052384
0.045968
-0.035329
-0.004713
-0.059820
-0.049021
-0.006179
-0.128639
-0.055946
0.071745
-0.076361
-0.222924
0.098356
-0.134323
-0.050006
0.115784
0.056454
-0.000923
-0.001402
-0.013890
-0.010635
0.115150
-0.120565
0.045157
-0.012338
-0.061722
0.174018
0.035462
-0.068495
0.044132
0.035348
-0.040954
0.007105
-0.211981
-0.002678
0.003587
0.105361
0.020834
0.030063
0.037028
0.074076
-0.013788
0.116079
0.008771
-0.005836
-0.039236
0.001434
0.014288
0.050058
-0.018414
0.006209
-0.084192
-0.073739
-0.068550
0.006254
0.052797
0.013117
0.033639
0.048582
-0.012765
-0.119314
0.035068
0.022395
-0.044090
-0.000000
-0.154994
0.044294
-0.055381
0.029412
-0.104571
-0.000213
-0.032128
-0.164432
0.123389
0.018735
0.011494
-0.184091
-0.269917
0.112171
-0.116638
0.324272
0.064516
-0.098898
0.030266
-0.086350
-0.129263
-0.116001
-0.008439
-0.078723
0.237413
0.014931
-0.128356
-0.004641
0.033913
-0.058221
0.136700
-0.130984
0.119436
0.000000
-0.000000
0.228346
0.057692
-0.075758
-0.152459
-0.009671
-0.121094
-0.009778
0.054758
-0.022553
-0.029168
0.031390
-0.052174
0.133028
-0.052227
0.155489
0.016636
0.065455
-0.038908
0.132457
-0.056130
-0.136213
0.067308
0.001802
0.007194
-0.103571
0.027888
0.000000
-0.023256
-0.003968
-0.072112
-0.072563
0.032407
0.104933
0.176542
0.096585
0.305442
-0.040964
-0.050502
0.008203
-0.053806
-0.023578
0.062784
-0.054531
0.087928
0.120062
0.067285
0.263261
0.051454
0.145663
0.042857
-0.000000
0.133835 , -0.008782 , 0.142617
0.139257 , 0.025079 , 0.114178
-0.201397 , 0.402424 , -0.603821
0.042274 , -0.427104 , 0.469378
-0.118881 , -0.012632 , -0.106249
-0.029841 , -0.041136 , 0.011295
0.181119 , -0.018663 , 0.199782
-0.042804 , -0.023645 , -0.019159
0.030391 , -0.249787 , 0.280178
-0.044241 , -0.186929 , 0.142688
0.091109 , 0.001904 , 0.089205
0.009966 , 0.074595 , -0.064629
0.033071 , 0.028503 , 0.004568
-0.000000 , 0.035412 , -0.035412
-0.160966 , 0.010693 , -0.171659
-0.061538 , 0.069367 , -0.130905
-0.299180 , -0.051540 , -0.247640
0.024328 , -0.368954 , 0.393282
0.007079 , -0.204546 , 0.211625
0.185941 , -0.063918 , 0.249859
0.099235 , 0.009769 , 0.089466
0.033223 , -0.664077 , 0.697300
0.013468 , 0.069356 , -0.055888
-0.019934 , 0.025480 , -0.045414
0.128644 , 0.045672 , 0.082972
0.003154 , 0.050899 , -0.047745
-0.052395 , 0.048282 , -0.100677
0.034755 , -0.001591 , 0.036346
-0.028244 , 0.008480 , -0.036724
-0.062058 , 0.054086 , -0.116144
0.034338 , -0.025260 , 0.059598
0.075142 , -0.037336 , 0.112478
0.009941 , 0.033081 , -0.023140
0.088740 , 0.039804 , 0.048936
0.004247 , 0.053831 , -0.049584
0.016369 , 0.052739 , -0.036370
0.013287 , 0.050063 , -0.036776
-0.019603 , 0.008267 , -0.027870
0.026750 , 0.056995 , -0.030245
0.025526 , -0.004121 , 0.029647
-0.082628 , 0.014695 , -0.097323
0.020979 , -0.061271 , 0.082250
-0.064521 , -0.071242 , 0.006721
0.032508 , 0.001671 , 0.030837
-0.014324 , 0.000447 , -0.014771
0.043165 , -0.021122 , 0.064287
-0.020690 , 0.059375 , -0.080065
-0.007042 , 0.013279 , -0.020321
0.007092 , 0.030834 , -0.023742
0.079577 , -0.015998 , 0.095575
-0.112851 , 0.028106 , -0.140957
-0.001471 , -0.012322 , 0.010851
0.017673 , -0.058681 , 0.076354
-0.055572 , -0.001276 , -0.054296
-0.035550 , 0.176625 , -0.212175
0.104226 , -0.067823 , 0.172049
-0.012230 , -0.009839 , -0.002391
0.058995 , 0.012652 , 0.046343
0.031637 , -0.010544 , 0.042181
-0.038667 , 0.002846 , -0.041513
