#TGT, OUT, ERROR
0.008693
0.017038
-0.084030
-0.022077
-0.024936
0.084036
-0.061794
-0.001189
0.029975
-0.062866
0.017388
0.087915
0.032551
0.129565
-0.011598
0.099710
0.009218
-0.080362
0.066984
-0.078246
0.056272
0.010282
0.095270
0.081085
-0.082029
0.063833
-0.016008
0.042798
-0.037557
-0.026824
-0.064333
-0.022315
-0.031960
-0.009436
0.000000
0.086663
-0.042945
-0.018320
0.125942
0.032841
-0.020959
0.234590
0.039283
-0.022399
0.046542
-0.003079
-0.037745
0.045734
-0.050042
0.023063
0.028946
-0.025661
0.016363
0.012827
-0.003146
0.079383
0.029386
0.042821
0.079476
-0.049766
0.017647
0.001058
-0.040352
0.000000
0.051882
0.007815
-0.120586
0.009996
-0.009899
0.035344
-0.005702
-0.016592
0.034291
-0.123589
-0.046149
-0.012051
-0.082377
-0.201607
-0.138756
-0.166668
-0.071998
0.053165
0.184179
0.105991
0.020828
-0.010200
-0.056699
0.039334
0.014730
0.084964
0.046801
0.031026
0.034412
0.066367
0.042884
-0.055073
-0.033623
0.015269
0.046832
0.022363
0.046898
-0.057491
0.087216
0.011729
0.051382
-0.104886
0.000001
0.022471
0.009735
0.055842
-0.000001
0.056233
-0.006335
0.006373
0.028162
0.009075
-0.008992
0.026640
-0.081575
0.088821
0.014758
0.022695
-0.096420
0.083015
-0.025552
-0.164864
0.143545
-0.014929
-0.048516
-0.007506
-0.014850
0.064602
-0.010465
-0.040170
0.006018
0.173677
-0.028857
-0.045381
-0.003891
-0.102413
0.045317
0.058376
-0.007868
-0.031804
0.000000
0.000001
-0.001335
-0.065877
0.030346
-0.047606
-0.045463
-0.076186
-0.143299
-0.135975
0.082165
-0.099097
0.138576
-0.035138
0.169056
0.013339
-0.015359
-0.045711
-0.012847
0.016558
0.072179
-0.039084
-0.004521
0.096483
0.152121
0.013551
-0.069181
0.014416
-0.000000
0.061564
-0.024031
-0.034799
-0.023692
0.052452
0.013783
0.007326
0.100212
-0.015572
-0.012460
-0.020312
0.021557
0.040504
0.056803
0.014555
0.014346
-0.015644
0.074249
-0.019727
0.047488
0.098893
-0.012517
0.086710
0.000001
0.067042 , 0.034835 , 0.032207
0.020789 , 0.011980 , 0.008809
-0.047146 , 0.011980 , -0.059126
-0.019663 , 0.027841 , -0.047504
-0.011444 , -0.027528 , 0.016084
-0.044049 , -0.000749 , -0.043300
0.049141 , -0.015139 , 0.064280
-0.017373 , -0.019199 , 0.001826
0.058237 , -0.007682 , 0.065919
-0.058948 , 0.008521 , -0.067469
0.063073 , -0.008121 , 0.071194
-0.005607 , 0.013211 , -0.018818
-0.053501 , 0.002591 , -0.056092
0.000001 , 0.006364 , -0.006363
-0.042192 , -0.023018 , -0.019174
-0.093218 , -0.012666 , -0.080552
-0.023931 , -0.033554 , 0.009623
-0.056138 , -0.057493 , 0.001355
0.067618 , -0.043903 , 0.111521
0.069655 , -0.030212 , 0.099867
0.027975 , 0.006307 , 0.021668
0.024705 , 0.035904 , -0.011199
0.037131 , 0.027543 , 0.009588
0.001928 , 0.039670 , -0.037742
-0.033748 , 0.033725 , -0.067473
0.006870 , 0.008011 , -0.001141
-0.009245 , 0.004739 , -0.013984
0.000580 , -0.006773 , 0.007353
0.026885 , -0.002066 , 0.028951
-0.038333 , 0.002182 , -0.040515
-0.001237 , 0.002877 , -0.004114
-0.006978 , -0.013239 , 0.006261
-0.038288 , -0.003414 , -0.034874
-0.012566 , -0.009043 , -0.003523
-0.000692 , -0.026354 , 0.025662
-0.039653 , -0.013218 , -0.026435
-0.027094 , -0.010971 , -0.016123
-0.008000 , -0.026307 , 0.018307
-0.006645 , -0.016558 , 0.009913
-0.041491 , -0.012672 , -0.028819
0.020153 , -0.027674 , 0.047827
0.070414 , -0.023102 , 0.093516
0.033250 , 0.011966 , 0.021284
0.011676 , 0.029284 , -0.017608
-0.079211 , 0.018345 , -0.097556
0.007313 , 0.000189 , 0.007124
0.026293 , -0.005327 , 0.031620
0.030600 , -0.002679 , 0.033279
0.057424 , 0.007683 , 0.049741
0.046358 , 0.012397 , 0.033961
-0.058229 , 0.035260 , -0.093489
0.000000 , 0.014314 , -0.014314
0.032929 , 0.002652 , 0.030277
-0.016264 , 0.021494 , -0.037758
-0.024471 , 0.010429 , -0.034900
0.101016 , -0.030280 , 0.131296
0.007390 , 0.019965 , -0.012575
-0.041565 , 0.028937 , -0.070502
0.055486 , -0.004285 , 0.059771
0.021148 , 0.003477 , 0.017671
