#TGT, OUT, ERROR
0.029826
0.006216
-0.059045
0.024339
-0.006255
0.075469
-0.029234
-0.024101
0.035808
-0.046482
0.037499
0.062643
-0.014734
0.075273
0.088172
0.047433
0.011433
-0.062559
0.035392
-0.041016
0.014252
0.016063
0.113635
0.117124
-0.007139
0.063194
-0.009778
0.118102
-0.057996
0.042683
0.013953
-0.123303
0.093763
-0.043623
-0.000001
0.091921
-0.021933
0.006327
0.129265
0.080733
0.011971
0.145691
-0.004443
-0.076731
0.125979
-0.016670
-0.040195
-0.049905
-0.033515
0.044003
0.068388
-0.009863
-0.027113
0.072551
-0.047857
0.065468
0.025238
0.112388
0.062674
-0.111991
0.095136
-0.012161
-0.006102
-0.032958
0.042602
0.006089
-0.114886
0.034489
-0.013336
0.032438
-0.018726
-0.012935
0.024799
-0.160445
-0.024110
-0.045073
-0.072999
-0.196948
-0.233100
-0.125388
-0.068196
0.129030
0.108787
0.169475
-0.009330
-0.033355
-0.057529
0.052587
-0.009809
0.112612
-0.012152
0.024592
-0.000446
0.040281
0.081469
-0.103973
-0.002399
0.040915
0.047763
0.011026
0.062499
-0.110143
0.106911
0.019877
0.049026
-0.119496
0.019799
0.001641
0.054691
0.049353
0.000000
0.078194
0.003508
0.003572
0.017416
0.012428
0.031906
-0.006626
-0.080752
0.062647
-0.010130
0.043833
-0.107645
0.086790
-0.018976
-0.135849
0.092559
0.004430
-0.036384
-0.000000
-0.042089
0.051617
-0.003002
-0.056800
0.043396
0.153795
-0.030027
-0.044625
0.006419
-0.112878
0.047553
0.069208
-0.003636
-0.020957
-0.000000
-0.000000
0.010782
-0.063685
0.044312
-0.068982
-0.030068
-0.047878
-0.154156
-0.147917
0.099024
-0.095660
0.134066
0.003261
0.124323
0.027876
-0.003765
-0.053490
0.010903
0.038279
0.026500
-0.024861
0.009398
0.071117
0.200851
0.021792
-0.019896
-0.008074
-0.000000
0.025814
-0.010731
-0.041479
0.006854
0.024854
0.003630
0.047633
0.132878
-0.054334
-0.001303
-0.013044
0.043058
0.066622
0.119106
-0.039891
0.032121
-0.001635
0.080641
-0.004964
0.050523
0.094235
-0.026544
0.035763
0.000001
0.034283 , 0.011176 , 0.023107
-0.016573 , -0.002733 , -0.013840
-0.007311 , -0.008198 , 0.000887
-0.005022 , 0.006425 , -0.011447
-0.016149 , -0.050475 , 0.034326
0.009380 , -0.001216 , 0.010596
0.059867 , -0.008375 , 0.068242
-0.080553 , 0.006352 , -0.086905
0.052842 , -0.002288 , 0.055130
-0.059577 , 0.002976 , -0.062553
0.138042 , 0.006647 , 0.131395
-0.025123 , 0.013476 , -0.038599
-0.061081 , -0.012444 , -0.048637
0.000000 , 0.011896 , -0.011896
-0.046949 , -0.029534 , -0.017415
-0.053203 , 0.016309 , -0.069512
-0.006671 , -0.027856 , 0.021185
-0.036854 , -0.041956 , 0.005102
0.050089 , -0.030044 , 0.080133
0.079466 , -0.016905 , 0.096371
-0.011860 , -0.012256 , 0.000396
0.019221 , 0.006992 , 0.012229
0.018860 , 0.020410 , -0.001550
0.032226 , 0.036426 , -0.004200
-0.045343 , 0.033073 , -0.078416
0.060295 , 0.007266 , 0.053029
-0.063613 , 0.021955 , -0.085568
0.031566 , 0.016127 , 0.015439
-0.002280 , 0.013101 , -0.015381
-0.010239 , -0.004396 , -0.005843
-0.013617 , 0.008464 , -0.022081
-0.011415 , -0.006349 , -0.005066
-0.026991 , 0.012441 , -0.039432
-0.008925 , -0.015944 , 0.007019
0.001996 , -0.018437 , 0.020433
-0.030385 , -0.016350 , -0.014035
-0.037078 , -0.014148 , -0.022930
0.010830 , -0.029724 , 0.040554
-0.021373 , -0.011658 , -0.009715
-0.040971 , -0.011667 , -0.029304
0.045546 , -0.011260 , 0.056806
0.058892 , -0.012491 , 0.071383
0.032392 , -0.002833 , 0.035225
-0.002977 , 0.014126 , -0.017103
-0.054993 , 0.010860 , -0.065853
0.002088 , 0.031883 , -0.029795
0.006359 , 0.012500 , -0.006141
0.049318 , 0.007804 , 0.041514
0.062430 , 0.005222 , 0.057208
0.050000 , 0.002271 , 0.047729
-0.054422 , 0.037587 , -0.092009
-0.023981 , 0.020021 , -0.044002
0.046683 , 0.008371 , 0.038312
-0.021596 , 0.021483 , -0.043079
-0.015835 , 0.009053 , -0.024888
0.077523 , -0.024378 , 0.101901
-0.006787 , -0.021248 , 0.014461
-0.043280 , 0.043950 , -0.087230
0.033333 , -0.002471 , 0.035804
0.046084 , -0.002172 , 0.048256
