#TGT, OUT, ERROR
0.002201
0.013163
-0.047618
-0.000000
-0.090231
0.081430
0.025653
-0.063067
-0.028841
-0.158924
0.220737
0.070394
-0.072074
0.029121
0.072838
0.047086
-0.006415
0.010767
-0.010652
-0.008635
0.043488
0.107502
-0.082020
0.040978
0.019696
-0.013518
-0.075927
0.008048
-0.084036
-0.019717
-0.110441
0.003163
0.053998
-0.055214
-0.000000
-0.081094
-0.102015
0.136561
-0.000559
-0.033703
0.026169
0.073301
0.084617
-0.022807
0.171599
-0.053108
-0.073355
0.033788
-0.124400
0.058505
0.042101
-0.055559
0.008025
0.050398
-0.090901
0.072206
-0.007244
-0.034453
0.083781
-0.031918
-0.100970
-0.083102
-0.000000
0.043757
0.059281
-0.016967
-0.039670
-0.005998
-0.060236
0.025639
0.121293
-0.039443
0.008927
0.002359
-0.041192
0.019026
-0.017466
-0.080321
-0.032682
-0.099933
0.056676
0.065227
0.136046
0.068867
0.058810
0.010580
0.089545
0.083611
-0.017749
0.029354
0.017540
-0.049573
-0.012696
0.061402
0.203000
-0.075123
-0.020002
-0.027486
0.034261
0.014492
0.085710
0.033836
-0.010544
0.029028
0.036069
-0.024468
-0.045944
0.041487
0.159337
-0.027628
-0.000000
-0.069399
0.074574
0.002164
0.007298
-0.055945
0.032768
-0.051283
-0.062499
0.099534
0.036909
-0.044981
-0.054226
0.042643
0.000000
0.044672
0.057567
0.023058
-0.011599
0.011068
-0.041710
-0.092024
-0.020986
0.021436
-0.052448
0.128409
0.080760
0.033036
-0.062687
-0.000000
-0.023456
0.023623
0.025405
0.027423
0.000000
-0.000000
0.007455
-0.001553
-0.001464
-0.062036
0.028429
0.012539
0.000000
0.029459
0.039187
-0.065246
-0.019045
-0.012624
-0.015788
0.056097
0.072500
-0.012078
0.083641
0.054216
0.093002
-0.047404
-0.003327
-0.006677
0.063709
0.000983
0.011644
-0.006240
-0.000000
0.055680
0.017978
-0.005908
-0.022206
0.122704
0.078296
0.113882
0.020210
-0.031268
0.026614
-0.051848
0.015653
0.030165
-0.002067
-0.002268
-0.034697
0.021864
-0.032420
0.010202
0.098324
0.086721
-0.016965
0.036700
-0.000000
-0.016025 , -0.066408 , 0.050383
0.045954 , -0.011683 , 0.057637
-0.120897 , -0.071122 , -0.049775
0.075436 , 0.127080 , -0.051644
-0.014686 , 0.002661 , -0.017347
0.009937 , -0.125397 , 0.135334
0.070490 , -0.025168 , 0.095658
-0.049009 , 0.016018 , -0.065027
0.062959 , 0.027225 , 0.035734
-0.060724 , 0.020296 , -0.081020
0.094071 , -0.064427 , 0.158498
0.011313 , 0.102153 , -0.090840
-0.011186 , -0.007403 , -0.003783
-0.000000 , 0.034619 , -0.034619
-0.080358 , 0.000622 , -0.080980
0.025908 , 0.006829 , 0.019079
-0.141977 , -0.007040 , -0.134937
0.088258 , -0.049482 , 0.137740
0.038846 , -0.093621 , 0.132467
0.086182 , -0.032147 , 0.118329
-0.014972 , 0.024239 , -0.039211
0.060800 , 0.021269 , 0.039531
0.075933 , 0.063244 , 0.012689
-0.010660 , 0.033838 , -0.044498
0.021749 , 0.044576 , -0.022827
0.099214 , 0.013368 , 0.085846
-0.024403 , 0.092463 , -0.116866
0.047497 , 0.034327 , 0.013170
0.109562 , 0.021003 , 0.088559
0.069031 , 0.026757 , 0.042274
0.025338 , 0.070874 , -0.045536
-0.047929 , 0.046719 , -0.094648
-0.001441 , 0.035814 , -0.037255
-0.011478 , 0.028740 , -0.040218
-0.034552 , -0.061862 , 0.027310
0.023784 , -0.006325 , 0.030109
-0.006590 , 0.003575 , -0.010165
0.043132 , -0.009787 , 0.052919
-0.063788 , 0.010207 , -0.073995
-0.112096 , 0.010359 , -0.122455
0.061640 , -0.007879 , 0.069519
0.044540 , -0.031604 , 0.076144
0.000300 , -0.008372 , 0.008672
0.026873 , -0.005716 , 0.032589
-0.015163 , 0.000390 , -0.015553
0.090644 , 0.023344 , 0.067300
-0.056299 , 0.036194 , -0.092493
0.008687 , -0.001369 , 0.010056
0.004284 , 0.015190 , -0.010906
0.020345 , -0.010155 , 0.030500
-0.076799 , 0.019522 , -0.096321
-0.029100 , -0.031285 , 0.002185
0.001627 , -0.012998 , 0.014625
0.009815 , -0.030698 , 0.040513
-0.020811 , -0.004669 , -0.016142
0.033088 , -0.025295 , 0.058383
-0.013442 , -0.000760 , -0.012682
0.113744 , -0.000042 , 0.113786
0.049362 , 0.034829 , 0.014533
0.107056 , 0.033980 , 0.073076
