#TGT, OUT, ERROR
0.045872
0.021886
0.050490
-0.013592
-0.169005
0.058136
0.067214
0.007519
0.014486
-0.036088
0.026217
0.055206
0.000000
0.089628
-0.009435
-0.028268
0.053360
0.004953
0.025465
0.000510
0.029696
-0.002969
0.038284
0.028815
-0.032853
-0.051743
-0.030250
0.021866
0.012707
-0.057330
-0.076958
-0.034726
0.047394
0.110337
0.000000
-0.034404
-0.019191
0.065950
0.073717
-0.040117
0.065635
0.057398
0.013350
0.010626
-0.018939
-0.002131
-0.045098
0.042097
-0.080414
0.002814
0.076797
-0.095347
0.012015
0.023815
-0.043198
0.027571
0.006967
-0.062881
0.095461
0.036432
0.038692
0.010537
0.023798
0.028696
-0.027547
-0.038568
0.013455
-0.010203
-0.034650
0.019362
0.024358
0.019282
0.029252
-0.033001
-0.047243
-0.008158
-0.038491
-0.069371
0.037271
-0.032955
-0.024270
0.003155
0.085430
0.029178
-0.028351
0.067588
0.002777
0.008183
-0.024037
-0.030322
0.005740
-0.011348
-0.014398
0.091552
-0.027197
-0.027957
0.034501
-0.050057
0.035174
-0.038979
0.087592
0.105379
-0.080295
0.020695
0.015192
-0.020729
-0.041979
0.099801
-0.052934
-0.002384
-0.000000
-0.024250
-0.035566
-0.002793
0.009357
-0.033485
-0.049651
-0.061376
0.018651
0.001005
-0.025608
0.078990
-0.109777
-0.160944
0.184600
-0.137867
-0.007602
0.142213
0.016412
0.000699
-0.109224
-0.047897
0.044635
-0.051397
-0.025014
0.192275
0.114737
-0.079350
0.045648
-0.000666
0.000074
0.030651
0.032469
0.006331
0.000000
0.000000
0.074737
0.008813
-0.096161
0.018202
0.012749
0.007594
-0.053779
-0.012558
0.060174
0.047985
0.078362
0.035485
0.000176
0.029519
-0.002617
0.048939
-0.020283
0.031748
0.020173
-0.009914
0.024925
-0.026086
-0.005015
-0.019037
0.001531
-0.009716
-0.000000
0.009480
0.057221
0.000000
-0.013892
0.014717
0.034116
0.087043
0.000597
0.006470
-0.036564
-0.031232
0.000635
0.055309
-0.024840
0.038898
-0.006484
0.030976
0.004190
-0.035646
0.047827
0.037473
0.038406
0.037761
0.000000
-0.060385 , 0.110470 , -0.170855
0.042868 , 0.183803 , -0.140935
-0.030350 , 0.103489 , -0.133839
0.058281 , -0.027935 , 0.086216
-0.021724 , 0.013420 , -0.035144
-0.046075 , -0.028830 , -0.017245
0.041369 , 0.033666 , 0.007703
-0.044815 , -0.004860 , -0.039955
-0.016248 , -0.016312 , 0.000064
-0.049549 , -0.016611 , -0.032938
0.044042 , -0.014520 , 0.058562
0.037832 , 0.151676 , -0.113844
-0.019606 , -0.064214 , 0.044608
0.000000 , 0.023338 , -0.023338
-0.121825 , 0.003902 , -0.125727
-0.004401 , -0.054221 , 0.049820
-0.046818 , 0.250799 , -0.297617
0.089276 , -0.059192 , 0.148468
0.028064 , 0.094728 , -0.066664
0.039640 , -0.041631 , 0.081271
0.007889 , 0.043141 , -0.035252
0.008939 , 0.010541 , -0.001602
-0.018443 , 0.041734 , -0.060177
0.082713 , 0.010701 , 0.072012
-0.030701 , -0.013811 , -0.016890
0.031932 , 0.137567 , -0.105635
-0.017028 , 0.036455 , -0.053483
-0.004913 , 0.200411 , -0.205324
0.018177 , 0.027305 , -0.009128
-0.015194 , 0.010881 , -0.026075
0.084984 , 0.002395 , 0.082589
0.018086 , 0.008462 , 0.009624
-0.043619 , -0.005936 , -0.037683
0.010150 , 0.029422 , -0.019272
0.020097 , 0.012322 , 0.007775
0.041279 , 0.002941 , 0.038338
-0.005052 , 0.004800 , -0.009852
0.057469 , -0.006034 , 0.063503
-0.002936 , 0.075244 , -0.078180
-0.009018 , 0.071584 , -0.080602
0.039402 , -0.051665 , 0.091067
-0.002412 , 0.004150 , -0.006562
0.017522 , 0.013895 , 0.003627
-0.014346 , 0.014427 , -0.028773
-0.018930 , -0.003905 , -0.015025
0.073297 , 0.017970 , 0.055327
0.041551 , -0.003435 , 0.044986
0.055851 , 0.018545 , 0.037306
0.003778 , 0.021233 , -0.017455
0.020690 , 0.016649 , 0.004041
-0.007049 , 0.060011 , -0.067060
-0.035093 , 0.036438 , -0.071531
0.036370 , 0.028335 , 0.008035
-0.037620 , 0.004801 , -0.042421
0.065606 , -0.008847 , 0.074453
0.061123 , -0.003981 , 0.065104
0.023055 , 0.130611 , -0.107556
-0.004516 , 0.049656 , -0.054172
0.036612 , 0.021683 , 0.014929
0.044600 , 0.028021 , 0.016579
