#TGT, OUT, ERROR
0.088676
0.030672
0.005903
-0.035452
-0.128855
0.007081
0.013965
-0.027641
0.078050
-0.046031
0.027546
0.067110
0.025208
0.069286
-0.011458
0.052278
0.011091
-0.016454
0.027805
-0.032404
0.050234
-0.012214
0.021768
0.042536
-0.010218
-0.005126
-0.060704
0.044187
-0.010579
-0.026768
-0.082436
-0.065814
0.025634
0.043696
0.000000
0.023947
-0.023387
0.029975
0.069751
0.001479
0.045988
0.085533
0.000000
-0.009817
0.024883
-0.004869
-0.024398
0.010030
-0.054485
-0.036620
0.065194
-0.081269
-0.019274
0.046256
-0.060781
0.052928
0.061462
-0.073689
0.073821
0.021205
0.020698
0.030450
0.004968
0.019582
0.014420
-0.065008
0.050786
-0.033801
-0.025044
0.030785
-0.004945
0.019944
0.014745
0.014032
-0.038499
-0.014967
-0.010195
-0.082005
0.023869
-0.043694
-0.017152
0.011659
0.086178
0.010610
-0.005283
0.031597
0.035712
0.054175
-0.009311
-0.000000
0.056573
-0.034441
-0.009272
0.019015
0.051360
-0.044400
0.041863
-0.053593
0.018896
-0.018545
0.037733
0.113634
-0.069388
0.052655
-0.007146
0.016759
-0.041283
0.077553
-0.020006
-0.020363
0.000000
-0.035582
-0.026685
-0.031968
-0.009460
-0.038085
-0.009868
-0.068064
-0.005347
-0.000000
-0.032453
0.055834
-0.068733
-0.113638
0.121754
-0.103895
0.045170
0.055576
0.017527
-0.005719
-0.078650
-0.044073
-0.006530
-0.033104
-0.013760
0.159787
0.095739
-0.049144
-0.000000
-0.011478
0.040673
0.000000
0.016769
0.039819
-0.000000
0.000000
0.048910
-0.000000
-0.051810
0.000000
0.010928
0.021620
-0.058197
0.011235
0.049997
0.005291
0.083899
0.050023
-0.009571
0.057709
0.009085
0.022533
-0.022285
0.063597
0.034202
-0.012396
0.025103
0.004112
-0.000000
-0.052871
-0.001874
0.004284
0.000000
0.012892
0.033877
0.004119
-0.012260
0.045450
0.047844
0.053241
0.046951
-0.037931
-0.032280
0.002051
-0.014822
0.063921
-0.014141
0.025082
-0.003479
0.038596
-0.016881
-0.027504
0.053010
0.030197
0.026071
0.043729
-0.000000
-0.031684 , 0.037641 , -0.069325
0.038679 , 0.035169 , 0.003510
-0.042974 , -0.006088 , -0.036886
0.077852 , 0.008045 , 0.069807
-0.006943 , 0.004916 , -0.011859
-0.042130 , -0.003748 , -0.038382
0.038137 , 0.035026 , 0.003111
-0.057800 , -0.005403 , -0.052397
0.024001 , 0.011880 , 0.012121
-0.055708 , -0.010596 , -0.045112
0.040387 , 0.030786 , 0.009601
0.020871 , -0.001832 , 0.022703
0.002925 , -0.037127 , 0.040052
-0.000000 , 0.020348 , -0.020348
-0.117183 , 0.005595 , -0.122778
-0.019857 , 0.070737 , -0.090594
-0.040553 , 0.024524 , -0.065077
0.098624 , -0.051322 , 0.149946
0.032044 , -0.150697 , 0.182741
0.040377 , -0.271586 , 0.311963
0.011944 , 0.185944 , -0.174000
0.008829 , 0.025419 , -0.016590
0.005067 , 0.030330 , -0.025263
0.049557 , 0.016225 , 0.033332
-0.027771 , 0.005208 , -0.032979
0.028565 , 0.008291 , 0.020274
-0.019446 , 0.029502 , -0.048948
-0.011311 , 0.016024 , -0.027335
0.008588 , 0.011986 , -0.003398
-0.011373 , -0.016814 , 0.005441
0.070678 , -0.001785 , 0.072463
0.016229 , 0.001227 , 0.015002
-0.031912 , 0.009362 , -0.041274
0.008234 , 0.031685 , -0.023451
0.008167 , -0.012591 , 0.020758
0.050599 , -0.002238 , 0.052837
-0.015447 , 0.005272 , -0.020719
0.047123 , 0.012839 , 0.034284
0.009998 , -0.002723 , 0.012721
-0.027228 , -0.000356 , -0.026872
0.040703 , 0.034780 , 0.005923
0.002438 , 0.000372 , 0.002066
0.012211 , 0.019187 , -0.006976
-0.004831 , 0.008780 , -0.013611
-0.029049 , 0.007941 , -0.036990
0.072322 , 0.022456 , 0.049866
0.023214 , 0.003656 , 0.019558
0.082180 , 0.003688 , 0.078492
-0.006523 , -0.032767 , 0.026244
0.019653 , 0.192242 , -0.172589
-0.014989 , 0.046804 , -0.061793
-0.032598 , 0.009826 , -0.042424
0.013470 , 0.013886 , -0.000416
-0.022166 , -0.019911 , -0.002255
0.058951 , -0.015516 , 0.074467
0.072811 , 0.000830 , 0.071981
0.021961 , 0.012153 , 0.009808
-0.017580 , 0.043820 , -0.061400
0.029811 , 0.000931 , 0.028880
0.058129 , 0.007069 , 0.051060
