#TGT, OUT, ERROR
-0.005885
-0.076885
0.006413
0.031859
-0.104977
0.055195
0.013235
-0.013062
0.046321
-0.018973
0.000000
0.032233
-0.062528
0.026727
-0.058474
0.151776
-0.018021
-0.006093
0.104291
-0.099993
0.024673
0.024151
0.017633
0.005776
0.034457
-0.033309
-0.022971
0.041145
0.000000
-0.090396
0.014186
-0.099956
0.076332
-0.070918
0.000000
0.006880
-0.103385
0.107684
0.076332
-0.051591
0.006819
-0.020320
0.013827
0.006819
-0.020320
0.020741
-0.006773
-0.006819
-0.109541
0.023043
-0.022524
-0.053887
-0.113817
-0.064271
-0.068571
0.010552
-0.052088
-0.096452
0.149986
-0.054364
-0.080433
-0.037567
-0.064811
0.166640
0.011881
-0.023616
-0.000000
-0.024050
-0.012321
0.000000
0.012475
-0.012321
0.012475
-0.000000
0.000000
0.012321
-0.024343
-0.024950
-0.102646
0.000000
0.000000
0.000000
0.014258
0.154952
0.036653
0.000000
0.058839
0.044355
0.031974
0.020578
0.050521
-0.028790
-0.000000
-0.029755
0.214327
0.011055
0.000000
-0.025639
0.035020
-0.016917
0.025860
0.067192
-0.000000
0.023621
-0.000000
-0.115381
0.017455
-0.042794
-0.000000
-0.062432
0.000000
-0.047684
0.100033
0.000000
-0.009124
-0.064151
-0.019678
-0.029999
-0.092780
0.000000
-0.034089
0.023485
-0.011410
0.046550
0.000000
-0.077809
0.096333
0.022058
-0.043045
0.011276
-0.000000
-0.033452
0.000000
0.034610
-0.088960
0.097646
-0.011151
0.022429
0.076960
0.071461
-0.019116
-0.048506
-0.000000
0.050979
-0.000000
0.000000
0.077739
0.000000
-0.072131
-0.009637
0.068548
0.009208
0.109084
0.106581
0.125888
-0.013133
0.066686
0.018748
0.153315
-0.005280
0.090882
-0.004920
-0.004890
0.049520
-0.037767
0.117641
0.057031
0.103743
0.056387
0.024922
0.010416
0.013719
-0.000000
-0.047443
0.014247
0.010526
-0.055564
0.062482
0.096894
0.009463
0.000000
-0.040634
0.029315
-0.034797
0.061725
-0.009502
-0.019186
0.000000
-0.061876
0.090284
-0.006375
-0.000000
0.019214
0.132095
0.027773
0.048663
0.000000
-0.068135 , 0.022813 , -0.090948
0.031332 , -0.139072 , 0.170404
-0.088606 , 0.078510 , -0.167116
0.077788 , 0.065753 , 0.012035
-0.059275 , -0.008461 , -0.050814
0.068465 , -0.001307 , 0.069772
0.012832 , 0.015308 , -0.002476
-0.012670 , 0.050466 , -0.063136
0.005133 , 0.001597 , 0.003536
0.007660 , -0.009122 , 0.016782
0.060760 , 0.006366 , 0.054394
-0.000745 , -0.005652 , 0.004907
-0.040408 , -0.028694 , -0.011714
0.000000 , -0.018264 , 0.018264
-0.002625 , 0.043285 , -0.045910
0.002632 , -0.006068 , 0.008700
-0.044735 , -0.019229 , -0.025506
0.027565 , -0.019466 , 0.047031
0.058973 , -0.001234 , 0.060207
-0.035459 , -0.211098 , 0.175639
0.005263 , -0.003535 , 0.008798
0.054829 , 0.012606 , 0.042223
-0.009902 , -0.003179 , -0.006723
0.024990 , 0.016061 , 0.008929
0.063434 , 0.009873 , 0.053561
0.000000 , -0.070928 , 0.070928
-0.016062 , 0.021642 , -0.037704
0.011650 , 0.052197 , -0.040547
0.029951 , -0.013069 , 0.043020
0.006718 , 0.010879 , -0.004161
0.046666 , 0.001234 , 0.045432
-0.006375 , 0.034091 , -0.040466
-0.000000 , 0.025212 , -0.025212
-0.021359 , 0.006554 , -0.027913
-0.013113 , 0.003017 , -0.016130
0.074228 , -0.010675 , 0.084903
0.012579 , 0.007187 , 0.005392
-0.022774 , 0.016024 , -0.038798
-0.052966 , -0.000417 , -0.052549
0.073826 , 0.000449 , 0.073377
-0.010417 , -0.024725 , 0.014308
0.012632 , -0.000983 , 0.013615
-0.010395 , -0.001832 , -0.008563
0.025210 , 0.013862 , 0.011348
-0.034836 , -0.011587 , -0.023249
0.042463 , 0.000682 , 0.041781
0.112016 , 0.003999 , 0.108017
-0.065934 , 0.027664 , -0.093598
0.025490 , 0.126383 , -0.100893
0.019120 , 0.079416 , -0.060296
-0.003752 , 0.048630 , -0.052382
0.016949 , 0.013063 , 0.003886
-0.090741 , 0.019479 , -0.110220
0.022403 , 0.034123 , -0.011720
0.023904 , -0.035831 , 0.059735
0.031128 , -0.017314 , 0.048442
-0.071698 , 0.020650 , -0.092348
-0.024390 , 0.058103 , -0.082493
0.037500 , -0.008341 , 0.045841
-0.030120 , -0.021428 , -0.008692
