#TGT, OUT, ERROR
-0.000000
-0.053043
0.005510
-0.027396
-0.056338
0.009949
0.027685
0.003788
-0.083043
0.020779
-0.071475
-0.041209
0.065845
0.075327
-0.050000
0.148947
0.035273
-0.044248
0.185185
-0.064454
0.010480
0.020619
0.032389
-0.016863
0.043079
-0.024857
-0.027451
0.010081
0.037884
-0.019193
-0.107686
-0.068296
-0.000048
-0.018822
-0.000001
0.091346
-0.057270
0.093459
0.025641
-0.095833
0.059908
-0.002217
0.050155
0.026887
0.066672
-0.030230
-0.027344
0.004457
-0.108392
-0.035874
0.025488
-0.074700
0.014656
-0.033816
-0.116501
0.035088
-0.015856
-0.161111
0.036358
0.002620
-0.128107
-0.071784
0.078831
0.040222
0.030667
-0.084292
0.063351
-0.049018
-0.139632
0.008461
-0.021185
-0.012987
0.063596
0.076371
-0.137997
0.022222
0.033044
-0.107744
-0.146226
-0.204420
0.006944
0.006897
0.068493
0.064103
0.102410
0.032787
-0.047619
0.044333
0.222046
0.079575
-0.044355
-0.029536
0.039130
0.070711
0.013677
-0.044256
-0.023879
-0.032975
0.042561
-0.032708
0.042288
0.016343
-0.032000
0.023884
0.000081
-0.160775
-0.052703
0.030457
0.000493
-0.030035
-0.000000
-0.054213
0.035852
-0.031087
0.048235
-0.015407
-0.036268
-0.000001
-0.080646
-0.017543
0.035595
-0.051384
-0.079011
0.042367
-0.002777
-0.097469
0.051892
0.053332
-0.077214
-0.091907
-0.116918
0.077490
-0.143515
0.019462
-0.060365
0.101006
-0.044815
-0.116835
0.145832
0.045455
-0.121739
-0.046336
-0.007684
0.012555
0.000000
-0.000000
-0.022525
-0.006342
-0.127660
-0.002439
-0.156479
-0.185217
-0.003913
-0.017143
0.064679
-0.027646
-0.062829
-0.044944
-0.017648
0.079041
-0.017758
0.073446
0.070526
-0.001967
0.022332
-0.071635
-0.055363
0.051282
-0.003485
-0.041959
0.003649
-0.022182
0.000001
-0.051692
0.023529
-0.038314
-0.111554
0.109866
0.151514
0.000702
0.062412
0.435643
0.147126
-0.091181
0.036384
-0.086596
0.001632
-0.002327
-0.025641
0.076555
0.037778
-0.104925
0.222488
-0.014480
0.767275
-0.053933
0.000000
-0.000128 , 0.027785 , -0.027913
0.025517 , -0.013242 , 0.038759
-0.169042 , 0.128235 , -0.297277
-0.036262 , -0.061065 , 0.024803
-0.061514 , 0.010987 , -0.072501
-0.018800 , -0.050365 , 0.031565
0.000170 , -0.071818 , 0.071988
-0.041363 , -0.020500 , -0.020863
0.096198 , -0.012431 , 0.108629
-0.106468 , 0.020204 , -0.126672
0.041704 , -0.000262 , 0.041966
0.017331 , 0.024001 , -0.006670
0.022146 , 0.045570 , -0.023424
0.000000 , 0.004058 , -0.004058
-0.139501 , 0.016650 , -0.156151
-0.095487 , 0.017873 , -0.113360
-0.083512 , -0.011789 , -0.071723
0.042056 , -0.043867 , 0.085923
-0.020178 , -0.163594 , 0.143416
0.010298 , -0.021511 , 0.031809
0.041903 , 0.001847 , 0.040056
0.209784 , -0.049105 , 0.258889
0.005929 , 0.023519 , -0.017590
-0.035370 , 0.045834 , -0.081204
-0.009259 , 0.117985 , -0.127244
0.002991 , 0.044552 , -0.041561
0.065971 , 0.066293 , -0.000322
0.021329 , 0.019172 , 0.002157
-0.017461 , 0.035888 , -0.053349
-0.044947 , 0.019861 , -0.064808
0.068952 , 0.016233 , 0.052719
0.071671 , 0.042140 , 0.029531
-0.060510 , 0.050449 , -0.110959
0.002542 , 0.011660 , -0.009118
-0.016061 , 0.015814 , -0.031875
-0.023883 , 0.013450 , -0.037333
0.056152 , 0.037265 , 0.018887
-0.013333 , -0.015545 , 0.002212
-0.024494 , -0.010700 , -0.013794
0.021298 , 0.018346 , 0.002952
-0.016616 , -0.010641 , -0.005975
0.002414 , 0.027032 , -0.024618
-0.012728 , 0.015787 , -0.028515
-0.006620 , -0.074730 , 0.068110
0.104876 , 0.013353 , 0.091523
-0.000001 , 0.038887 , -0.038888
-0.012697 , 0.031534 , -0.044231
0.030547 , 0.021679 , 0.008868
-0.017161 , 0.001326 , -0.018487
-0.020476 , 0.023157 , -0.043633
-0.035813 , 0.013242 , -0.049055
-0.032605 , -0.036529 , 0.003924
-0.063587 , -0.003860 , -0.059727
0.027458 , -0.046281 , 0.073739
0.032682 , -0.044307 , 0.076989
0.049135 , 0.003875 , 0.045260
-0.081499 , 0.007083 , -0.088582
0.043368 , 0.002427 , 0.040941
-0.006261 , 0.035404 , -0.041665
-0.044453 , -0.059457 , 0.015004
