#TGT, OUT, ERROR
-0.020832
0.043837
0.016738
-0.006170
-0.155619
0.056542
0.020908
-0.015926
0.021991
-0.053247
0.002407
0.193270
-0.013957
0.044610
0.058259
0.023857
-0.107164
-0.008446
-0.010925
-0.052206
-0.025255
0.138697
0.025093
0.070410
0.008851
-0.030040
-0.030449
-0.006716
-0.002827
-0.000000
-0.056610
-0.084000
0.117468
0.002553
0.000000
0.015383
-0.071384
-0.078141
0.053824
-0.033837
-0.004633
0.098442
0.008870
0.065691
0.032216
-0.010720
-0.007336
0.075784
-0.040543
-0.016823
0.043527
-0.057607
-0.057401
-0.003415
-0.041604
0.093944
0.022704
0.023185
0.018480
0.030018
0.016183
0.056631
-0.023452
0.013897
-0.015222
0.002395
-0.081220
-0.024839
0.062371
-0.075044
0.073211
-0.015350
-0.006373
0.026649
-0.019529
0.049785
0.037555
-0.046549
0.014457
-0.130126
0.012306
0.062756
0.023806
-0.014328
-0.020388
-0.036593
-0.011815
-0.012351
-0.008179
0.075400
-0.072037
0.014480
0.004085
0.041677
0.000976
-0.062382
-0.008323
-0.002098
0.023129
0.018471
0.011098
0.104480
0.014609
0.033815
0.029263
0.008674
-0.005180
-0.031141
0.016081
-0.010537
-0.000000
-0.030195
-0.047628
0.061541
0.002172
0.001445
-0.058655
-0.069997
0.003103
-0.037842
-0.042923
0.020521
-0.081566
-0.025730
0.011983
-0.024166
-0.009894
0.093757
0.035417
0.047026
-0.061769
-0.104512
-0.006254
-0.010123
-0.102030
0.198858
0.030812
-0.041620
0.038944
0.057434
-0.036655
0.044071
-0.017788
0.020838
-0.000000
0.000000
0.068238
0.085085
-0.096572
-0.005274
-0.003201
-0.000000
-0.029881
-0.083611
-0.000965
0.112718
0.032394
-0.010451
0.056887
-0.045348
0.006521
0.048701
0.025283
0.044293
0.034728
-0.008519
0.002989
0.007284
-0.008341
-0.000746
-0.063355
0.031718
0.000000
0.081608
0.024853
-0.017612
-0.032151
0.067904
-0.009454
0.027748
0.038813
0.041436
-0.017168
-0.026818
0.019415
0.065602
-0.010510
-0.033398
0.009422
-0.017874
0.056213
0.030735
0.003211
0.030303
0.046334
0.041462
0.000000
0.025426 , 0.066662 , -0.041236
-0.003591 , 0.048720 , -0.052311
-0.089651 , -0.060351 , -0.029300
0.113544 , -0.119509 , 0.233053
-0.028444 , -0.004413 , -0.024031
-0.028337 , 0.000226 , -0.028563
0.044964 , 0.045129 , -0.000165
-0.038376 , 0.002032 , -0.040408
-0.000603 , -0.013503 , 0.012900
-0.012587 , 0.008552 , -0.021139
0.076693 , -0.017948 , 0.094641
-0.001160 , 0.007968 , -0.009128
0.006556 , 0.001559 , 0.004997
-0.000000 , 0.030503 , -0.030503
-0.080510 , -0.014071 , -0.066439
0.005829 , -0.014990 , 0.020819
-0.067809 , -0.002644 , -0.065165
-0.038315 , -0.012727 , -0.025588
-0.013044 , -0.019283 , 0.006239
0.047769 , -0.049404 , 0.097173
-0.017645 , -0.034106 , 0.016461
0.035225 , -0.007458 , 0.042683
0.036686 , 0.027809 , 0.008877
-0.005025 , 0.018062 , -0.023087
-0.038934 , 0.037380 , -0.076314
-0.002016 , 0.004597 , -0.006613
0.029671 , 0.004119 , 0.025552
0.009822 , -0.000310 , 0.010132
0.019453 , 0.005364 , 0.014089
0.014640 , 0.009786 , 0.004854
0.012538 , 0.011339 , 0.001199
0.043338 , 0.031155 , 0.012183
-0.025759 , 0.020211 , -0.045970
0.026440 , 0.017969 , 0.008471
0.010924 , 0.030960 , -0.020036
0.038748 , 0.011054 , 0.027694
0.058657 , 0.027018 , 0.031639
0.064914 , 0.022961 , 0.041953
-0.048260 , 0.045723 , -0.093983
0.010773 , 0.042030 , -0.031257
0.015072 , 0.028359 , -0.013287
-0.006788 , 0.004108 , -0.010896
0.016551 , 0.019117 , -0.002566
-0.033193 , -0.005391 , -0.027802
-0.026510 , 0.003352 , -0.029862
0.068080 , 0.004683 , 0.063397
-0.028840 , -0.002335 , -0.026505
0.009253 , 0.009130 , 0.000123
0.015991 , 0.003803 , 0.012188
0.027072 , -0.007227 , 0.034299
-0.052718 , 0.025211 , -0.077929
-0.000216 , -0.015485 , 0.015269
0.003776 , 0.004800 , -0.001024
0.012359 , -0.000329 , 0.012688
0.010616 , -0.001082 , 0.011698
0.067332 , -0.003998 , 0.071330
0.008759 , 0.007205 , 0.001554
0.043902 , 0.040772 , 0.003130
0.025234 , 0.034601 , -0.009367
0.024613 , 0.035816 , -0.011203
