#TGT, OUT, ERROR
-0.018323
0.025050
0.024437
0.011375
-0.157280
0.039969
0.020513
-0.055252
0.005310
0.013240
0.057414
0.148036
-0.023538
0.088103
0.042493
0.067976
-0.118362
-0.016313
0.006306
-0.020826
-0.046814
0.183252
0.033756
0.071170
0.019603
-0.050963
-0.015842
-0.001786
0.002133
0.010552
-0.038914
-0.070161
0.108912
0.001783
0.000000
-0.014260
-0.063281
-0.071831
0.029550
-0.016368
-0.022187
0.115093
-0.009403
0.091464
-0.027874
-0.017938
0.009133
0.068906
-0.040774
0.014290
0.026774
-0.046582
-0.028055
-0.005895
-0.026918
0.079047
0.025659
0.053573
0.008461
0.011762
0.021605
0.065037
-0.012366
0.021959
-0.016805
0.020932
-0.095840
-0.045597
0.079933
-0.106919
0.073484
-0.013559
0.000523
0.006440
-0.052709
0.061651
0.039520
-0.062799
0.008630
-0.130093
0.029363
0.065997
0.025460
-0.017504
-0.029096
-0.020602
-0.015288
-0.021548
-0.009544
0.081954
-0.077973
0.020309
-0.003952
0.049400
-0.003759
-0.068435
-0.009930
0.013307
0.007296
0.012047
0.015673
0.117414
0.031802
0.017295
0.037627
0.015806
-0.002470
-0.032664
0.018488
-0.002494
0.000000
-0.037422
-0.052246
0.080766
0.003224
0.011814
-0.054257
-0.073258
0.032388
-0.055362
-0.027344
0.004425
-0.116359
0.018107
-0.016677
0.003408
-0.002482
0.070446
0.067278
0.047427
-0.060380
-0.118668
-0.005470
-0.010310
-0.122916
0.219335
0.030503
-0.054815
0.054669
0.059192
-0.048777
0.044875
0.006129
0.016267
-0.000000
0.000000
0.061210
0.102522
-0.107698
-0.005741
-0.005599
-0.000374
-0.025019
-0.082489
-0.003271
0.104366
0.043307
-0.024525
0.064181
-0.055173
0.008757
0.043297
0.022638
0.038572
0.044583
-0.013616
0.003451
0.006878
-0.010059
-0.000190
-0.046550
0.019728
0.000000
0.072705
0.010745
-0.005558
-0.049343
0.070760
0.005011
0.024912
0.050976
0.029710
-0.030303
-0.019431
0.023638
0.067753
-0.006979
-0.042136
0.004838
-0.015759
0.045229
0.035317
0.006690
0.041279
0.061706
0.031693
-0.000000
0.027456 , 0.146956 , -0.119500
-0.007915 , 0.036637 , -0.044552
-0.076255 , -0.024956 , -0.051299
0.094070 , -0.071542 , 0.165612
-0.031611 , -0.003152 , -0.028459
-0.014031 , 0.017168 , -0.031199
0.065003 , 0.031633 , 0.033370
-0.038347 , -0.068905 , 0.030558
0.008949 , -0.018522 , 0.027471
-0.007799 , -0.006655 , -0.001144
0.071510 , 0.010925 , 0.060585
-0.001548 , -0.023018 , 0.021470
0.005669 , 0.015674 , -0.010005
-0.000000 , 0.030976 , -0.030976
-0.082521 , 0.008363 , -0.090884
0.024589 , 0.029056 , -0.004467
-0.067616 , 0.002862 , -0.070478
-0.064329 , 0.001259 , -0.065588
0.007633 , -0.013226 , 0.020859
0.023570 , -0.042973 , 0.066543
-0.025573 , -0.046582 , 0.021009
0.053232 , -0.013595 , 0.066827
0.032117 , -0.007432 , 0.039549
-0.019453 , 0.020859 , -0.040312
-0.037335 , 0.030920 , -0.068255
-0.001211 , -0.140836 , 0.139625
0.032768 , 0.013684 , 0.019084
0.002348 , -0.010337 , 0.012685
0.011843 , 0.002574 , 0.009269
0.016095 , 0.002213 , 0.013882
0.026232 , 0.012015 , 0.014217
0.026557 , 0.031298 , -0.004741
-0.015047 , 0.030230 , -0.045277
0.023074 , 0.019193 , 0.003881
0.021481 , 0.020505 , 0.000976
0.034175 , 0.015944 , 0.018231
0.053883 , 0.028027 , 0.025856
0.062096 , 0.024501 , 0.037595
-0.068101 , 0.042170 , -0.110271
0.005320 , 0.020011 , -0.014691
0.026061 , 0.020949 , 0.005112
-0.007590 , -0.017288 , 0.009698
0.013924 , 0.010958 , 0.002966
-0.033366 , -0.011204 , -0.022162
-0.014507 , 0.012670 , -0.027177
0.068020 , 0.018711 , 0.049309
-0.039829 , 0.008572 , -0.048401
0.013761 , 0.012454 , 0.001307
0.024414 , -0.002561 , 0.026975
0.026692 , -0.001281 , 0.027973
-0.056639 , 0.016882 , -0.073521
0.014567 , -0.032479 , 0.047046
0.015328 , 0.012291 , 0.003037
0.016721 , -0.003468 , 0.020189
0.014002 , 0.010530 , 0.003472
0.097312 , -0.008391 , 0.105703
-0.026943 , 0.021917 , -0.048860
0.058936 , 0.031490 , 0.027446
0.030328 , 0.029947 , 0.000381
0.015115 , 0.036029 , -0.020914
