#TGT, OUT, ERROR
-0.002377
-0.033419
-0.061690
0.052610
-0.071483
0.045213
-0.021101
0.072078
-0.013258
-0.029865
-0.025599
0.052610
-0.115001
0.028780
-0.000492
0.032911
0.101103
-0.043468
0.030640
-0.134345
-0.039632
0.035307
0.116155
-0.021218
0.047625
-0.029288
-0.026564
-0.025605
0.004357
0.010947
-0.049173
-0.034668
0.105958
-0.039383
-0.000000
-0.019416
-0.033903
0.011722
0.059535
-0.050550
-0.056719
0.049148
-0.002928
0.011672
0.019737
-0.032947
-0.030022
-0.000000
-0.133288
0.000700
0.040497
-0.046318
0.197179
-0.029451
-0.007283
-0.023155
-0.000000
0.000000
0.024329
-0.023751
0.018071
-0.017750
0.003129
0.026125
0.026144
-0.029625
0.060983
-0.035609
-0.004774
-0.035902
0.008085
-0.026529
0.006734
0.016525
-0.088017
-0.010271
-0.145360
-0.190284
0.174001
-0.124365
0.118677
-0.047827
-0.003656
0.076996
-0.021274
0.135658
0.071930
-0.066395
0.009956
0.045442
0.014459
-0.093927
0.028041
-0.042863
0.068315
-0.025839
-0.022708
-0.016792
0.044782
0.010834
0.000000
0.047010
0.047055
0.014751
-0.038032
0.016517
-0.026880
0.069100
0.044197
0.003262
-0.000000
-0.090960
-0.005670
-0.019389
0.062271
-0.035206
-0.035007
-0.037000
-0.062339
-0.004108
-0.042010
0.124669
-0.059664
-0.073131
0.004392
-0.013109
0.026555
-0.033627
-0.005349
-0.026003
-0.046961
-0.034785
-0.144144
-0.028068
-0.127565
0.089667
0.043038
-0.017000
-0.012348
-0.032501
-0.074934
0.009774
-0.004139
0.009719
-0.000000
-0.000000
0.173313
-0.045716
-0.090920
-0.032430
-0.041892
0.000000
-0.034982
0.022654
0.084190
-0.043593
0.005689
-0.007075
0.041377
0.015057
0.016201
0.128809
0.018836
0.075053
-0.027928
-0.060780
-0.001164
0.070658
-0.003292
0.087187
-0.056848
0.033365
-0.000000
0.145841
-0.018186
-0.005552
-0.064248
0.106245
0.009634
0.040028
0.063291
0.068969
0.008007
-0.048028
0.096681
0.078188
-0.033420
-0.047080
-0.027741
0.047554
-0.037095
-0.032238
0.036559
0.059619
0.024415
0.040327
-0.000000
-0.053814 , -0.022145 , -0.031669
0.018779 , 0.066142 , -0.047363
-0.183681 , 0.016664 , -0.200345
-0.000647 , 0.071757 , -0.072404
-0.035475 , 0.013277 , -0.048752
-0.037452 , 0.173835 , -0.211287
0.094481 , 0.147629 , -0.053148
-0.041286 , -0.030681 , -0.010605
-0.026444 , 0.037345 , -0.063789
-0.014264 , -0.032530 , 0.018266
0.031712 , 0.019463 , 0.012249
-0.010072 , -0.003179 , -0.006893
0.012887 , 0.067788 , -0.054901
-0.000000 , 0.055819 , -0.055819
0.020685 , 0.031363 , -0.010678
-0.001968 , 0.040544 , -0.042512
-0.112629 , 0.027920 , -0.140549
-0.114413 , -0.028932 , -0.085481
0.015801 , -0.022518 , 0.038319
0.087016 , 0.031477 , 0.055539
-0.016582 , 0.119502 , -0.136084
0.020714 , -0.048318 , 0.069032
-0.021803 , 0.005547 , -0.027350
0.029147 , 0.038319 , -0.009172
0.049313 , 0.022705 , 0.026608
-0.003572 , 0.027144 , -0.030716
-0.000717 , 0.058706 , -0.059423
0.025751 , 0.031374 , -0.005623
0.019509 , 0.051665 , -0.032156
-0.023252 , 0.071831 , -0.095083
0.073915 , 0.034420 , 0.039495
0.081837 , 0.048696 , 0.033141
-0.045012 , -0.042214 , -0.002798
0.021597 , -0.060996 , 0.082593
-0.008332 , 0.060760 , -0.069092
0.062704 , -0.109194 , 0.171898
0.038291 , 0.006656 , 0.031635
0.039207 , 0.019299 , 0.019908
-0.039423 , 0.042166 , -0.081589
-0.002963 , 0.008332 , -0.011295
0.011761 , 0.026633 , -0.014872
0.057559 , -0.027851 , 0.085410
0.044025 , 0.014743 , 0.029282
0.051961 , 0.066443 , -0.014482
0.007318 , 0.061348 , -0.054030
0.052882 , 0.036225 , 0.016657
0.152148 , 0.029211 , 0.122937
0.041435 , 0.070433 , -0.028998
0.009471 , 0.110735 , -0.101264
0.111581 , 0.029836 , 0.081745
0.032367 , 0.055827 , -0.023460
0.074677 , 0.095233 , -0.020556
0.006691 , 0.173156 , -0.166465
-0.020006 , 0.062648 , -0.082654
-0.029193 , 0.190320 , -0.219513
0.028369 , 0.025497 , 0.002872
-0.020690 , 0.065845 , -0.086535
-0.007042 , 0.005709 , -0.012751
0.117021 , -0.019024 , 0.136045
0.082540 , 0.031434 , 0.051106
