#TGT, OUT, ERROR
-0.030937
0.031924
0.055416
0.005936
-0.107589
0.082008
-0.054621
-0.101949
0.046098
-0.105831
0.008500
0.029991
-0.010223
0.109892
-0.026579
0.111786
0.029525
-0.006331
0.022395
0.010631
0.060851
0.012310
0.005151
0.117785
0.004660
-0.027680
-0.063092
0.026197
-0.016885
0.012617
0.015514
-0.099739
0.046602
-0.050323
0.000000
0.054494
-0.079530
-0.027160
0.123946
-0.003584
0.048268
0.120022
-0.014820
0.002604
0.142826
0.004545
-0.033930
0.026016
-0.027385
0.088901
-0.062489
-0.052863
-0.050961
0.008239
-0.114759
0.098042
0.002174
-0.086057
-0.005064
-0.037856
-0.062490
0.034914
-0.012864
0.068957
0.017439
-0.053087
0.010810
-0.077019
-0.036199
-0.006617
0.101229
0.015335
0.045645
-0.003130
-0.008774
0.000650
-0.032787
-0.154053
-0.114283
-0.157260
-0.057418
0.081315
0.098498
-0.059402
0.017716
0.133927
-0.023705
0.048471
0.013085
0.010628
-0.019530
0.034476
-0.003703
-0.018584
0.007648
-0.049016
0.083082
-0.065691
0.083599
0.024989
-0.005567
0.070131
-0.001560
0.034014
0.012358
-0.067709
0.013470
0.043870
0.052711
0.037469
-0.000000
-0.151231
-0.103516
-0.016543
0.008944
-0.033690
-0.063203
0.036131
-0.064274
-0.002202
0.015894
-0.004248
-0.046928
-0.131986
0.119228
-0.067310
-0.073494
0.123549
-0.023159
-0.004025
0.001672
-0.027799
-0.053266
0.032258
-0.074991
0.081213
0.069871
-0.040893
0.024600
-0.019372
-0.044735
0.012696
-0.037596
0.087496
-0.000000
0.000000
0.208099
-0.047568
-0.068583
-0.055859
-0.014320
0.068434
-0.101131
-0.067494
0.005355
0.026679
0.025971
0.025447
0.081344
0.086752
-0.005255
0.021649
0.064599
0.004857
0.057987
-0.037038
0.028753
0.025325
0.043753
0.006812
-0.055838
0.076221
0.000000
-0.053127
0.074755
-0.017350
-0.097366
0.065687
0.030353
0.123209
0.023480
0.036880
0.011188
-0.059202
-0.006933
0.038710
0.019059
0.006763
-0.062531
0.032024
0.015087
0.006165
0.069240
0.063344
0.053001
0.092534
0.000000
-0.009535 , 0.032282 , -0.041817
-0.076951 , 0.021471 , -0.098422
-0.083964 , -0.005859 , -0.078105
0.081218 , -0.037693 , 0.118911
-0.116499 , -0.006372 , -0.110127
0.051241 , -0.042688 , 0.093929
0.090627 , 0.017598 , 0.073029
-0.102165 , -0.035292 , -0.066873
0.023894 , 0.024819 , -0.000925
-0.067704 , -0.006977 , -0.060727
0.073007 , 0.014201 , 0.058806
-0.010872 , -0.011433 , 0.000561
0.056704 , -0.061242 , 0.117946
0.000000 , 0.099481 , -0.099481
-0.067025 , -0.003607 , -0.063418
0.043119 , 0.024335 , 0.018784
-0.089609 , -0.005013 , -0.084596
-0.067874 , -0.011232 , -0.056642
-0.024773 , -0.013668 , -0.011105
0.037462 , -0.065072 , 0.102534
0.008079 , -0.005553 , 0.013632
0.031812 , -0.017843 , 0.049655
0.007767 , 0.011525 , -0.003758
0.026819 , -0.011105 , 0.037924
0.037301 , 0.023794 , 0.013507
-0.022816 , 0.017843 , -0.040659
0.016699 , 0.018144 , -0.001445
0.049944 , 0.005814 , 0.044130
-0.053019 , 0.013151 , -0.066170
-0.032068 , 0.062670 , -0.094738
0.057147 , -0.005245 , 0.062392
0.018555 , -0.004772 , 0.023327
-0.060030 , 0.009021 , -0.069051
-0.017931 , 0.007233 , -0.025164
0.007148 , -0.010597 , 0.017745
0.014657 , -0.014619 , 0.029276
-0.014750 , -0.022368 , 0.007618
0.022533 , -0.026877 , 0.049410
-0.036752 , 0.003540 , -0.040292
-0.053432 , -0.006520 , -0.046912
-0.045191 , -0.010712 , -0.034479
0.093620 , -0.032321 , 0.125941
0.011731 , -0.049233 , 0.060964
0.068630 , -0.011383 , 0.080013
0.100000 , 0.081788 , 0.018212
-0.040256 , 0.026575 , -0.066831
0.007778 , 0.044948 , -0.037170
0.012472 , 0.025399 , -0.012927
0.001293 , 0.031590 , -0.030297
0.043366 , 0.013005 , 0.030361
-0.013225 , 0.008416 , -0.021641
-0.021721 , -0.005890 , -0.015831
-0.001215 , -0.001196 , -0.000019
-0.038513 , -0.000660 , -0.037853
-0.049332 , 0.002443 , -0.051775
0.093953 , -0.022989 , 0.116942
0.027096 , -0.008053 , 0.035149
0.026316 , 0.000738 , 0.025578
0.006410 , 0.033253 , -0.026843
-0.019108 , 0.010920 , -0.030028
