#TGT, OUT, ERROR
0.054343
-0.046352
-0.054049
-0.045709
-0.089851
-0.013157
0.033283
0.083912
0.059519
-0.044940
0.064742
-0.022097
0.135577
0.059695
-0.009389
0.071050
0.075248
0.028833
0.075964
-0.063165
0.142841
-0.003496
0.010477
-0.000000
-0.034479
-0.007142
0.032346
-0.006968
0.000000
-0.052603
0.074066
-0.000000
0.013792
-0.017028
-0.000000
-0.013840
0.000000
0.042102
0.040401
-0.061461
-0.010368
0.020904
0.023913
0.039996
0.009592
0.050835
0.042292
0.072436
-0.037835
-0.112351
0.126571
-0.016853
-0.000000
-0.000000
-0.057138
0.042421
0.122815
-0.094717
0.101548
-0.002796
-0.019589
0.014261
0.011279
0.016728
0.008226
0.019003
0.040000
0.038462
-0.012356
-0.000000
0.075032
-0.018620
0.014230
-0.002338
-0.182673
0.077356
0.010647
-0.157893
0.128112
-0.144025
-0.126236
0.033362
0.021477
0.059655
-0.000000
-0.029784
0.040946
-0.072150
0.070687
0.003303
0.213828
-0.070485
0.145786
0.054308
-0.064654
-0.050543
0.078420
-0.083101
0.118963
-0.000000
0.005076
0.007560
-0.062517
0.125336
0.000000
-0.028419
-0.000000
0.084000
0.136878
-0.061222
-0.000001
-0.077498
-0.028417
-0.046362
0.046065
-0.048913
0.038549
-0.019778
-0.027793
0.025966
-0.000000
0.017735
0.044774
0.035703
-0.039057
-0.019143
0.004865
-0.041267
-0.000001
0.007605
-0.020106
0.035892
-0.039586
0.005140
-0.030747
-0.007947
-0.090676
-0.008809
-0.017739
-0.027107
-0.021688
0.031675
0.085876
0.053662
-0.000000
-0.000000
-0.026801
-0.024792
-0.025424
0.026086
-0.048028
-0.041537
-0.077413
-0.026813
0.096536
-0.006310
0.155101
0.150667
0.047633
0.049364
0.405547
-0.131140
0.037722
-0.063641
-0.033006
0.004017
0.021994
0.105678
0.088496
0.113829
0.021894
0.031436
-0.000000
0.067858
-0.001290
-0.121853
0.067065
0.100002
0.032464
-0.010057
-0.072431
0.050681
-0.035195
-0.033780
-0.006995
0.021118
0.008276
-0.028719
-0.014089
-0.000000
-0.000000
-0.007145
0.002379
0.033669
0.031171
0.068672
-0.000000
-0.090935 , -0.197228 , 0.106293
-0.021435 , 0.322708 , -0.344143
-0.182460 , 0.010612 , -0.193072
-0.170547 , -0.062337 , -0.108210
-0.047365 , 0.164003 , -0.211368
0.028245 , -0.042244 , 0.070489
0.056049 , -0.103586 , 0.159635
-0.074922 , -0.043399 , -0.031523
0.071989 , 0.026038 , 0.045951
-0.045123 , 0.018120 , -0.063243
0.043958 , 0.004910 , 0.039048
-0.032630 , -0.001053 , -0.031577
0.016540 , 0.027839 , -0.011299
0.000000 , 0.035956 , -0.035956
-0.010068 , 0.069863 , -0.079931
-0.039539 , 0.050326 , -0.089865
-0.011764 , -0.026262 , 0.014498
0.023807 , 0.022908 , 0.000899
0.030235 , 0.019097 , 0.011138
-0.001139 , 0.013267 , -0.014406
0.011310 , 0.038460 , -0.027150
0.084913 , 0.015808 , 0.069105
0.045306 , 0.055611 , -0.010305
0.006899 , 0.066268 , -0.059369
-0.121327 , 0.064346 , -0.185673
0.000000 , -0.024723 , 0.024723
0.013360 , 0.023616 , -0.010256
0.005500 , 0.043183 , -0.037683
-0.034979 , 0.013267 , -0.048246
0.012454 , 0.001743 , 0.010711
0.027967 , 0.027572 , 0.000395
0.043522 , 0.023972 , 0.019550
-0.061520 , 0.045757 , -0.107277
0.002220 , -0.037102 , 0.039322
0.008871 , -0.002400 , 0.011271
-0.025269 , 0.004633 , -0.029902
0.015777 , 0.041399 , -0.025622
-0.001109 , -0.025486 , 0.024377
0.005561 , -0.012635 , 0.018196
-0.011048 , -0.005984 , -0.005064
0.031285 , -0.027392 , 0.058677
0.002164 , 0.030632 , -0.028468
-0.012980 , 0.005259 , -0.018239
-0.001094 , 0.003438 , -0.004532
-0.007667 , -0.000437 , -0.007230
0.006622 , -0.000519 , 0.007141
0.024157 , -0.016933 , 0.041090
0.267997 , -0.006613 , 0.274610
-0.163589 , 0.013761 , -0.177350
-0.025237 , -0.014035 , -0.011202
-0.044229 , -0.054675 , 0.010446
-0.032731 , -0.053842 , 0.021111
-0.058343 , -0.191170 , 0.132827
0.003717 , -0.048602 , 0.052319
0.035802 , -0.006140 , 0.041942
0.051251 , -0.003972 , 0.055223
-0.002268 , 0.011747 , -0.014015
-0.004545 , -0.022310 , 0.017765
0.044521 , -0.002651 , 0.047172
0.017486 , 0.033679 , -0.016193
