#TGT, OUT, ERROR
0.470079
-0.162783
-0.138900
-0.011289
-0.029354
0.090746
0.041608
-0.068051
0.047629
-0.150005
0.101599
0.165060
-0.006946
0.047555
-0.054741
0.101695
0.102554
-0.081398
0.000000
-0.075935
-0.012341
0.019415
0.034021
0.032901
-0.024218
-0.110958
0.019097
-0.054769
0.001532
-0.009142
-0.124421
0.061416
0.109081
0.005955
0.000000
-0.050356
-0.040577
0.039025
0.158063
-0.081082
0.029418
-0.008563
0.109504
0.058438
0.006136
0.012198
0.000000
-0.048202
-0.163320
0.138725
0.057574
-0.167093
-0.057746
-0.056459
-0.025636
0.066661
-0.029607
-0.067803
0.083659
0.018608
0.066441
0.090344
-0.042859
0.052247
-0.021277
-0.133340
0.128771
-0.001483
-0.109795
-0.003356
0.013468
-0.003322
0.008343
-0.021497
-0.135135
0.017590
-0.088291
-0.231576
0.115067
-0.004914
0.111095
0.044444
0.061715
-0.030071
-0.049587
0.152174
0.054728
0.010733
-0.021239
0.048814
-0.056886
-0.020120
-0.001855
0.035612
0.031094
-0.131211
0.014280
-0.072441
-0.030358
0.029087
0.021738
0.036164
0.047231
0.025494
-0.055460
-0.037960
0.008650
-0.002144
0.087966
-0.047327
0.000000
-0.028997
-0.068216
-0.032049
0.047285
-0.006780
-0.081814
-0.044552
-0.028502
-0.015989
0.002713
0.121614
-0.048196
0.024806
-0.020315
-0.282387
-0.057752
0.206905
0.003163
0.117082
-0.045318
-0.083079
-0.077673
0.056130
0.029902
0.109671
0.020371
0.011386
0.087317
-0.010354
0.196343
0.019694
-0.008600
0.045457
-0.000000
0.000000
0.128468
-0.032122
-0.048838
-0.024636
-0.048414
-0.066370
-0.040291
0.019758
0.043562
0.055699
0.149453
0.032490
0.092612
-0.042381
-0.081423
0.107908
-0.043487
0.040015
0.031472
-0.057637
0.023375
0.008797
-0.010460
-0.040487
-0.003666
0.025775
-0.000000
0.014366
0.005304
-0.093304
-0.038835
0.048476
0.123326
0.053171
0.009779
0.080644
0.073135
0.008336
0.011037
0.118693
-0.014644
-0.022267
0.022774
0.033420
0.059880
0.007913
0.041483
0.048433
0.024647
0.002002
-0.000000
0.094274 , -0.040137 , 0.134411
-0.054634 , 0.034840 , -0.089474
-0.069648 , -0.060289 , -0.009359
0.107102 , 0.010154 , 0.096948
0.015759 , -0.003411 , 0.019170
0.015535 , 0.066750 , -0.051215
-0.039184 , -0.005216 , -0.033968
-0.010961 , -0.038464 , 0.027503
-0.005036 , 0.061321 , -0.066357
-0.003039 , 0.006575 , -0.009614
0.141071 , 0.010024 , 0.131047
-0.007931 , 0.028319 , -0.036250
-0.039515 , 0.016563 , -0.056078
-0.000000 , 0.004148 , -0.004148
-0.173651 , -0.012223 , -0.161428
-0.033901 , -0.012873 , -0.021028
-0.081865 , -0.028126 , -0.053739
0.090444 , -0.117774 , 0.208218
-0.018698 , 0.016527 , -0.035225
0.032143 , -0.081180 , 0.113323
0.043835 , 0.026388 , 0.017447
0.066292 , -0.000038 , 0.066330
-0.004141 , 0.077588 , -0.081729
-0.016644 , 0.016142 , -0.032786
-0.081485 , 0.044999 , -0.126484
0.043772 , -0.020065 , 0.063837
-0.017655 , 0.016874 , -0.034529
0.024719 , -0.042633 , 0.067352
-0.035088 , -0.011133 , -0.023955
-0.064775 , -0.021196 , -0.043579
0.123943 , 0.008932 , 0.115011
0.019452 , 0.009869 , 0.009583
-0.037107 , 0.004524 , -0.041631
0.016521 , -0.018561 , 0.035082
0.034670 , 0.038241 , -0.003571
0.019892 , 0.017434 , 0.002458
-0.004113 , 0.017615 , -0.021728
-0.020610 , 0.012311 , -0.032921
0.005263 , 0.003665 , 0.001598
-0.050267 , 0.003486 , -0.053753
-0.062847 , -0.040397 , -0.022450
0.061178 , -0.071616 , 0.132794
-0.036579 , -0.018773 , -0.017806
0.024160 , -0.044155 , 0.068315
0.011237 , 0.010022 , 0.001215
-0.004440 , -0.031663 , 0.027223
0.014501 , -0.013504 , 0.028005
-0.009897 , -0.005395 , -0.004502
-0.065555 , 0.003965 , -0.069520
0.019019 , -0.005290 , 0.024309
0.016297 , -0.020967 , 0.037264
-0.023529 , -0.013023 , -0.010506
0.027711 , -0.011734 , 0.039445
-0.005862 , -0.005266 , -0.000596
0.035377 , -0.012165 , 0.047542
0.078588 , 0.021808 , 0.056780
0.024287 , 0.022252 , 0.002035
-0.001031 , 0.033222 , -0.034253
0.035088 , 0.025322 , 0.009766
-0.044865 , 0.011515 , -0.056380
