#TGT, OUT, ERROR
0.147827
-0.106058
-0.067806
0.180010
-0.203393
-0.023205
-0.108903
0.064432
-0.037569
-0.210429
0.288474
0.159913
0.112144
0.023128
-0.046842
0.005074
0.011818
-0.035001
-0.074264
-0.078360
-0.050614
0.023453
-0.062485
0.275545
-0.059226
-0.088887
-0.071147
-0.115974
0.039604
-0.028564
-0.151969
-0.066463
0.198139
0.031000
0.000000
-0.117799
-0.051124
-0.041929
0.162509
-0.018807
0.123272
0.075195
0.104540
-0.053494
-0.028271
-0.060390
-0.035706
-0.000000
-0.162983
-0.044239
0.126563
-0.095910
-0.148477
0.056954
0.094280
0.184607
0.041539
-0.147111
0.031632
0.008598
0.099147
0.030907
0.025012
0.046338
0.095561
-0.127649
-0.065865
-0.060043
-0.013880
0.005630
-0.061615
0.014915
0.029392
-0.097145
-0.066449
-0.077954
-0.011022
-0.174730
0.126145
-0.067999
-0.025782
0.044074
0.004217
0.054633
-0.047822
0.213390
0.044837
-0.036317
0.027379
0.020025
0.133972
-0.106624
0.016118
0.023578
-0.028459
-0.094475
0.068340
-0.063969
-0.025182
0.051665
-0.003515
0.056355
0.033315
0.025814
-0.040879
-0.108196
-0.029420
0.012774
0.037422
-0.043295
-0.000000
-0.060395
0.096371
-0.080572
0.079662
-0.059019
-0.035305
-0.004066
0.000000
0.016332
0.012052
0.007939
-0.051197
0.087165
-0.064905
-0.179604
0.039814
0.110083
-0.068985
-0.013893
-0.014089
0.023817
-0.116263
0.010529
-0.020839
0.196808
0.017783
-0.004368
-0.144730
0.035851
-0.019809
0.030313
-0.044078
0.025591
-0.000000
-0.000000
0.030455
0.004962
-0.039605
-0.066998
-0.060789
-0.017664
-0.005972
-0.048194
0.044322
0.072728
0.057754
0.114122
0.170720
0.054157
-0.086958
0.030302
-0.041989
0.039437
0.054889
-0.044021
-0.012571
0.029705
-0.065851
-0.030835
0.022712
-0.022207
-0.000000
-0.045472
-0.004769
0.000000
-0.105266
0.069508
0.070051
0.051377
-0.026658
0.031961
0.026540
-0.064658
0.032256
0.174126
0.110265
0.054802
-0.068212
0.062737
0.042616
-0.050322
0.043075
0.015862
-0.040618
0.048862
-0.000000
-0.021396 , -0.012448 , -0.008948
0.000000 , 0.010958 , -0.010958
-0.071880 , 0.001218 , -0.073098
0.037038 , -0.015073 , 0.052111
-0.087681 , -0.032878 , -0.054803
-0.039148 , -0.027485 , -0.011663
0.092608 , -0.032765 , 0.125373
0.040683 , -0.056059 , 0.096742
0.019529 , 0.225334 , -0.205805
0.121427 , -0.093770 , 0.215197
-0.002852 , -0.040366 , 0.037514
0.045699 , 0.033643 , 0.012056
0.008205 , 0.075856 , -0.067651
0.000000 , 0.085508 , -0.085508
0.008881 , 0.008626 , 0.000255
-0.027398 , 0.037121 , -0.064519
-0.071356 , 0.049353 , -0.120709
0.048635 , 0.048178 , 0.000457
-0.066671 , -0.061310 , -0.005361
-0.052798 , -0.070913 , 0.018115
0.036068 , 0.144689 , -0.108621
0.098108 , -0.005377 , 0.103485
-0.008646 , -0.021983 , 0.013337
-0.066864 , 0.113704 , -0.180568
-0.062309 , 0.042696 , -0.105005
0.026580 , -0.011071 , 0.037651
-0.000000 , -0.031236 , 0.031236
-0.000000 , -0.083869 , 0.083869
-0.019419 , -0.022108 , 0.002689
-0.056109 , 0.008309 , -0.064418
0.083922 , 0.008331 , 0.075591
0.074198 , -0.042367 , 0.116565
-0.039041 , 0.044756 , -0.083797
-0.031252 , 0.010935 , -0.042187
-0.006452 , 0.041587 , -0.048039
0.055199 , -0.013774 , 0.068973
0.015386 , 0.094874 , -0.079488
-0.030305 , 0.024608 , -0.054913
0.012501 , 0.003921 , 0.008580
-0.027780 , 0.047801 , -0.075581
0.015874 , -0.003766 , 0.019640
0.018751 , 0.009297 , 0.009454
-0.024541 , -0.007205 , -0.017336
0.094346 , 0.021025 , 0.073321
0.048853 , 0.054286 , -0.005433
0.027399 , 0.031695 , -0.004296
0.048003 , 0.017533 , 0.030470
-0.015268 , 0.088260 , -0.103528
-0.005168 , 0.044830 , -0.049998
0.018183 , 0.042764 , -0.024581
-0.084399 , 0.023745 , -0.108144
-0.014104 , 0.010427 , -0.024531
-0.094284 , -0.097334 , 0.003050
0.069420 , -0.016126 , 0.085546
0.061936 , 0.007225 , 0.054711
0.033340 , -0.018420 , 0.051760
0.013432 , -0.022628 , 0.036060
0.061022 , 0.005604 , 0.055418
0.047494 , 0.041481 , 0.006013
0.073986 , -0.050865 , 0.124851
