#TGT, OUT, ERROR
0.287904
-0.218502
-0.198926
0.006716
-0.026671
-0.083556
-0.035874
-0.127141
0.005329
-0.086565
0.179881
0.311484
-0.086248
0.121738
-0.014634
0.039608
-0.005957
-0.095799
-0.059601
-0.071829
-0.016697
-0.006184
-0.029497
0.119999
0.038571
-0.152681
-0.048701
-0.110926
0.072943
0.010733
-0.189385
-0.052401
0.117511
0.002077
0.000000
-0.084368
-0.035946
-0.002348
0.084111
-0.004294
0.103894
0.060359
0.018526
-0.061822
0.114332
-0.069554
-0.059815
-0.019888
-0.160228
0.007236
0.081540
-0.128603
-0.045819
0.024025
0.062495
0.034299
0.052153
-0.076580
0.048472
-0.035128
0.174760
-0.028927
0.021284
0.052067
0.075257
-0.093913
-0.081306
-0.048685
0.032560
0.002251
-0.067415
0.024105
-0.037645
-0.061133
-0.096340
-0.034588
-0.104497
-0.126647
0.125943
-0.098306
0.018783
-0.007375
0.044618
0.064048
-0.040104
0.247350
-0.008374
-0.042253
0.044117
0.061988
0.066292
-0.104455
0.036083
0.008900
0.000000
-0.116215
0.018361
-0.057073
-0.006362
0.041671
-0.015384
0.043733
0.011995
0.088751
-0.062502
-0.115935
-0.003293
-0.015621
0.050159
-0.012748
0.000000
-0.064495
0.048255
-0.009867
0.023264
-0.042213
0.010168
-0.016764
-0.044373
0.074987
-0.019930
0.074577
-0.053608
0.029995
-0.084151
-0.127226
-0.020225
0.099157
-0.000000
-0.030057
-0.000000
0.046504
-0.151854
0.004382
0.030445
0.265820
-0.050027
0.052662
-0.110016
0.018710
-0.051450
0.073645
-0.007245
-0.000000
0.000000
-0.000000
0.062550
-0.013961
-0.067121
-0.060628
-0.092708
0.044424
-0.042535
-0.071136
0.057412
0.022639
0.029580
0.021870
0.046995
-0.069372
0.078936
-0.008143
0.032798
0.003975
0.114602
-0.049652
-0.022386
0.057266
-0.046932
-0.053037
-0.023997
0.016420
-0.000000
-0.040345
-0.033624
-0.030439
-0.076217
0.106817
0.061364
0.066138
0.038741
0.029861
0.039882
-0.045296
0.036478
0.172520
-0.036032
0.049860
-0.041548
0.151689
0.045717
-0.061716
0.057542
0.062169
-0.007303
0.044221
0.000000
-0.034556 , 0.001757 , -0.036313
0.026258 , 0.009055 , 0.017203
-0.072089 , 0.024539 , -0.096628
0.057638 , 0.012831 , 0.044807
-0.099527 , -0.056105 , -0.043422
-0.052649 , -0.319391 , 0.266742
0.041688 , -0.072835 , 0.114523
-0.000000 , -0.034725 , 0.034725
0.008004 , -0.012452 , 0.020456
-0.042331 , 0.006584 , -0.048915
0.182325 , -0.048768 , 0.231093
0.088772 , -0.010913 , 0.099685
-0.092284 , 0.016807 , -0.109091
-0.000000 , -0.008803 , 0.008803
0.023661 , -0.069442 , 0.093103
-0.009395 , 0.071592 , -0.080987
-0.170600 , -0.017339 , -0.153261
0.031425 , 0.141529 , -0.110104
0.041555 , 0.240129 , -0.198574
0.002654 , 0.252166 , -0.249512
-0.013264 , -0.039075 , 0.025811
0.083336 , -0.018547 , 0.101883
0.017361 , 0.027544 , -0.010183
-0.029261 , 0.022169 , -0.051430
-0.027636 , 0.024618 , -0.052254
-0.031027 , 0.024100 , -0.055127
-0.015996 , -0.008640 , -0.007356
0.062348 , -0.030183 , 0.092531
-0.056117 , -0.030555 , -0.025562
-0.067573 , -0.013412 , -0.054161
0.078256 , -0.006488 , 0.084744
0.075259 , -0.105578 , 0.180837
-0.027498 , -0.005266 , -0.022232
-0.038564 , 0.011497 , -0.050061
0.013370 , 0.026786 , -0.013416
0.039582 , 0.028180 , 0.011402
0.010159 , 0.002701 , 0.007458
0.040200 , -0.000387 , 0.040587
-0.014489 , 0.019069 , -0.033558
-0.022066 , 0.027594 , -0.049660
0.022564 , 0.012471 , 0.010093
0.004892 , 0.029545 , -0.024653
-0.009762 , 0.000283 , -0.010045
0.039408 , -0.002849 , 0.042257
0.004754 , -0.000102 , 0.004856
-0.028295 , 0.016096 , -0.044391
0.067952 , 0.006186 , 0.061766
-0.047727 , 0.030155 , -0.077882
-0.038185 , 0.014869 , -0.053054
-0.004979 , 0.295303 , -0.300282
-0.065045 , 0.006512 , -0.071557
-0.016164 , -0.016813 , 0.000649
-0.063014 , -0.036087 , -0.026927
0.081870 , -0.052409 , 0.134279
0.048652 , -0.044896 , 0.093548
0.092763 , -0.125184 , 0.217947
-0.018851 , 0.018643 , -0.037494
-0.026457 , 0.043097 , -0.069554
0.081479 , 0.041953 , 0.039526
-0.031963 , 0.044771 , -0.076734
