#TGT, OUT, ERROR
0.135306
0.088033
-0.047612
-0.085008
-0.109273
-0.073633
-0.059580
-0.154932
0.008349
-0.074436
0.321499
0.067555
-0.044323
0.079486
-0.018376
0.012458
0.148177
-0.048367
-0.011321
-0.062858
-0.079293
0.013271
-0.045771
0.143827
-0.047872
-0.062881
0.040275
-0.051643
-0.047640
-0.028552
-0.147034
0.034458
0.291703
-0.038715
-0.000000
-0.134272
-0.108495
-0.008804
0.176999
-0.075151
0.081258
0.090244
-0.000000
0.013772
0.088478
0.049987
-0.101189
0.033096
-0.115408
0.224714
0.059140
-0.033526
-0.057775
-0.042974
-0.044836
0.154294
-0.017385
-0.065141
-0.012639
0.134642
0.050856
0.016132
0.042317
0.015231
-0.060010
-0.005339
-0.005311
-0.032264
-0.066678
0.005974
-0.029632
0.000000
-0.054890
-0.032243
-0.093330
0.007380
-0.175214
-0.203553
-0.299954
-0.063558
0.050859
0.064587
0.121179
-0.026985
0.013794
0.109711
0.049303
0.070603
0.011029
-0.032614
0.056149
-0.074519
0.057565
0.054318
-0.010347
-0.062514
0.000000
-0.033341
0.046028
-0.065947
-0.011808
0.035723
0.034491
0.000000
0.022305
-0.087045
-0.041573
-0.038961
0.000000
0.027027
0.000000
-0.013158
-0.053333
-0.098592
0.109375
0.000000
-0.056338
-0.029851
-0.138462
0.000000
-0.035714
-0.037037
-0.192308
-0.047619
-0.100000
0.055556
0.052632
0.100000
-0.022727
0.000000
-0.069767
0.000000
-0.100000
0.000000
-0.027778
0.142857
0.000000
-0.025000
0.025641
0.025000
0.048780
0.023256
0.000000
0.045455
-0.000000
-0.000000
0.043478
0.083333
-0.115385
-0.086957
-0.047619
0.000000
-0.050000
-0.026316
0.081081
-0.025000
0.051282
-0.000000
0.073171
0.000000
-0.022727
0.069767
-0.043478
0.022727
0.022222
-0.021739
0.000000
0.044444
-0.021277
-0.021739
-0.022222
0.000000
0.000000
-0.000000
-0.022727
-0.046512
-0.024390
0.050000
0.071429
0.000000
0.022222
0.021739
0.234043
-0.086207
0.037736
0.127273
-0.064516
0.034483
-0.033333
-0.000000
0.155172
-0.074627
0.048387
0.107692
0.000000
0.097222
0.000000
0.012821 , 0.041472 , -0.028651
0.025316 , 0.013649 , 0.011667
-0.111111 , -0.001517 , -0.109594
0.041667 , 0.016947 , 0.024720
-0.080000 , -0.123619 , 0.043619
-0.057971 , 0.112215 , -0.170186
0.000000 , -0.062648 , 0.062648
-0.046154 , -0.073301 , 0.027147
0.000000 , -0.028852 , 0.028852
-0.048387 , 0.007964 , -0.056351
0.084746 , -0.032216 , 0.116962
0.015625 , -0.001517 , 0.017142
-0.015385 , 0.021426 , -0.036811
0.000000 , -0.058718 , 0.058718
-0.062500 , 0.004388 , -0.066888
0.050000 , 0.052956 , -0.002956
0.079365 , -0.080929 , 0.160294
0.014706 , 0.019417 , -0.004711
0.014493 , 0.016679 , -0.002186
0.000000 , 0.005080 , -0.005080
0.000000 , 0.048483 , -0.048483
0.142857 , 0.035553 , 0.107304
0.087500 , 0.043480 , 0.044020
-0.068966 , 0.147024 , -0.215990
-0.012346 , 0.007585 , -0.019931
0.162500 , 0.028774 , 0.133726
0.075269 , 0.177659 , -0.102390
-0.060000 , -0.137182 , 0.077182
-0.042553 , 0.071544 , -0.114097
-0.066667 , 0.216337 , -0.283004
0.047619 , 0.185232 , -0.137613
0.079545 , 0.010636 , 0.068909
-0.052632 , 0.004633 , -0.057265
-0.022222 , -0.041036 , 0.018814
0.000000 , 0.009703 , -0.009703
0.000000 , 0.040034 , -0.040034
0.011364 , 0.050771 , -0.039407
-0.078652 , 0.000143 , -0.078795
-0.048780 , -0.020705 , -0.028075
-0.051282 , -0.013649 , -0.037633
-0.094595 , -0.010618 , -0.083977
-0.029851 , -0.023438 , -0.006413
-0.046154 , -0.043850 , -0.002304
-0.016129 , -0.053331 , 0.037202
0.032787 , -0.089092 , 0.121879
0.000000 , -0.035877 , 0.035877
0.015873 , -0.007119 , 0.022992
0.015625 , 0.012564 , 0.003061
-0.015385 , 0.018673 , -0.034058
-0.015625 , 0.013080 , -0.028705
-0.031746 , -0.001517 , -0.030229
-0.032787 , 0.053683 , -0.086470
-0.135593 , -0.025189 , -0.110404
-0.078431 , -0.065177 , -0.013254
-0.000000 , -0.068400 , 0.068400
0.042553 , -0.033263 , 0.075816
-0.040816 , -0.165318 , 0.124502
0.000000 , -0.050513 , 0.050513
0.000000 , -0.016752 , 0.016752
-0.021277 , 0.007585 , -0.028862
