#TGT, OUT, ERROR
0.005453
-0.046866
-0.096391
0.012560
-0.008487
-0.011055
0.011389
-0.096459
0.039650
-0.055215
0.079797
0.032395
0.050534
-0.120241
-0.136713
-0.216170
0.023575
-0.054270
-0.022271
0.024967
-0.010794
0.143899
-0.036831
-0.003178
0.035492
-0.080866
-0.043321
0.003910
0.038072
-0.033653
-0.048789
-0.010965
-0.016691
0.005637
-0.000000
-0.067393
-0.028117
0.056212
0.130254
-0.048469
-0.017786
0.118995
-0.063133
0.044944
0.086023
0.054463
-0.020375
-0.025862
-0.019344
0.016736
0.032869
-0.063696
-0.023797
-0.013937
-0.010587
0.070700
0.000680
-0.030013
0.044310
-0.022712
0.037078
-0.000357
-0.017985
-0.003320
-0.024621
-0.057637
-0.032960
-0.015168
-0.026878
-0.031653
0.061210
-0.046144
0.007294
0.056443
-0.041301
0.015765
-0.038922
-0.109664
0.032269
-0.055098
0.011677
0.059917
0.074746
0.059916
-0.027144
0.176988
-0.033342
0.008583
0.049580
0.009770
0.019051
-0.027847
0.009414
0.062291
0.026056
-0.063464
0.033907
-0.062329
0.010482
0.031171
0.046963
0.054511
0.011828
0.045374
0.043115
-0.019296
-0.053360
0.038577
-0.014289
-0.046372
0.000000
-0.003067
0.021356
-0.029858
0.061555
0.005807
0.008639
-0.025737
-0.065979
-0.012535
0.033362
-0.015389
0.024998
-0.025267
0.031873
-0.024247
-0.002776
0.074443
-0.046093
0.015201
-0.044619
0.002800
-0.042789
0.004094
0.000000
0.188013
0.015108
-0.008277
-0.003605
0.053522
-0.036767
-0.028832
0.011292
0.014007
0.000000
-0.000000
-0.035682
-0.028125
0.021341
-0.067157
-0.040354
0.025339
0.056956
-0.003101
0.030852
-0.032905
0.003078
-0.035476
0.032292
0.062690
-0.018711
0.034936
0.070565
-0.025503
-0.079675
-0.009615
-0.006129
0.028890
0.021441
0.009294
-0.007960
0.010187
-0.000000
-0.054978
0.001607
0.006458
-0.076920
0.029533
0.018880
0.084083
0.074797
0.008513
0.118323
-0.077827
0.024312
0.157882
-0.046548
0.040227
0.018033
0.073179
-0.063691
-0.004805
0.025334
0.027147
-0.002403
0.066275
-0.000000
0.009995 , 0.056481 , -0.046486
0.059400 , 0.033254 , 0.026146
-0.104666 , 0.025446 , -0.130112
0.080157 , 0.036920 , 0.043237
-0.058754 , 0.046260 , -0.105014
-0.014367 , -0.011541 , -0.002826
0.072906 , -0.001035 , 0.073941
-0.038839 , -0.021211 , -0.017628
-0.010096 , 0.012014 , -0.022110
-0.053271 , 0.028505 , -0.081776
0.060578 , -0.016326 , 0.076904
-0.038600 , -0.002911 , -0.035689
0.046440 , -0.013393 , 0.059833
0.000000 , 0.011440 , -0.011440
-0.084210 , 0.011021 , -0.095231
-0.048283 , 0.000143 , -0.048426
-0.043462 , -0.028806 , -0.014656
0.015146 , -0.033200 , 0.048346
0.012423 , -0.017624 , 0.030047
0.009833 , -0.027639 , 0.037472
0.050861 , 0.000537 , 0.050324
0.032649 , 0.009237 , 0.023412
-0.013448 , 0.036682 , -0.050130
0.025433 , 0.030048 , -0.004615
0.077143 , 0.011792 , 0.065351
-0.012341 , 0.029325 , -0.041666
-0.016675 , 0.030690 , -0.047365
0.084324 , 0.027600 , 0.056724
-0.049439 , 0.015639 , -0.065078
0.036804 , 0.012851 , 0.023953
0.060656 , 0.024812 , 0.035844
0.028047 , 0.020478 , 0.007569
-0.122359 , 0.012340 , -0.134699
0.021538 , 0.010996 , 0.010542
-0.004270 , -0.054250 , 0.049980
0.018346 , 0.031304 , -0.012958
0.003991 , -0.009106 , 0.013097
0.010278 , -0.019988 , 0.030266
-0.010870 , 0.019579 , -0.030449
0.005495 , 0.013354 , -0.007859
-0.013989 , 0.012469 , -0.026458
0.059410 , -0.001886 , 0.061296
-0.000000 , 0.008319 , -0.008319
0.035782 , 0.010666 , 0.025116
-0.003030 , 0.027031 , -0.030061
-0.014184 , 0.023164 , -0.037348
0.052415 , 0.026156 , 0.026259
-0.040430 , 0.005877 , -0.046307
0.033991 , 0.014246 , 0.019745
-0.005905 , 0.010679 , -0.016584
-0.027327 , -0.004390 , -0.022937
-0.015676 , 0.011367 , -0.027043
-0.069286 , -0.018894 , -0.050392
0.060222 , 0.000737 , 0.059485
0.022846 , -0.035257 , 0.058103
0.086066 , -0.005791 , 0.091857
0.019811 , 0.060141 , -0.040330
0.008326 , 0.025551 , -0.017225
0.046055 , 0.030870 , 0.015185
0.003333 , 0.032640 , -0.029307
