#TGT, OUT, ERROR
0.166672
-0.074291
-0.185183
-0.083225
-0.115687
-0.063570
0.057896
-0.207538
0.107139
-0.107534
0.281932
0.156019
-0.042281
0.146000
-0.066666
-0.020637
-0.022677
0.036482
-0.024005
-0.032782
-0.076269
0.003653
-0.049348
0.005775
0.116619
-0.083891
0.046712
-0.133920
-0.018552
-0.012617
-0.134031
0.137587
0.110137
0.118684
-0.000000
-0.083482
-0.017073
-0.040537
0.171012
-0.001701
0.024081
0.042020
-0.056452
0.015381
0.139736
-0.045785
-0.021675
-0.001584
-0.158474
0.120518
0.084040
-0.161241
-0.151574
-0.039205
-0.108847
0.147583
-0.035486
-0.052874
0.016320
0.072286
0.065184
0.107580
-0.034280
0.094687
0.007189
-0.182465
-0.004365
-0.010996
-0.028899
0.025194
0.035695
-0.002138
-0.092878
-0.035712
-0.061743
-0.057889
-0.078193
-0.130310
0.027878
-0.016960
0.010337
0.075077
0.028584
0.046294
-0.041288
0.243066
0.027225
-0.004807
0.055690
0.077979
-0.085117
-0.058129
0.000000
0.086424
-0.002279
-0.095672
-0.035255
-0.070497
-0.028108
0.020226
0.014174
0.050271
0.008001
-0.007938
-0.055838
-0.095772
-0.015587
-0.009486
-0.022358
-0.006554
0.000000
-0.090345
0.018561
0.014624
0.115081
-0.058065
-0.027374
-0.007054
-0.046087
0.018561
0.007312
0.159395
-0.037501
0.009740
-0.012851
0.006526
-0.106796
0.112306
-0.081423
0.010638
-0.035075
0.054545
-0.137953
-0.072001
-0.000000
0.185378
0.054545
0.003436
0.065280
-0.080635
0.028082
0.013640
-0.013456
-0.006838
0.000000
-0.000000
0.072165
-0.032040
-0.019867
-0.145292
0.019777
-0.046512
0.012195
-0.016050
0.040801
0.047059
0.033708
0.052372
0.014157
-0.062745
0.003723
0.007419
0.018374
0.000000
0.036121
-0.048786
0.003669
0.072995
-0.013627
0.024141
-0.003372
0.040536
-0.000000
-0.045427
0.074808
-0.041140
-0.108915
0.103717
0.080527
0.065226
-0.000000
0.093293
0.093345
-0.051225
0.035994
0.059546
-0.002346
0.028166
0.002287
0.148065
0.005962
0.013808
0.029169
-0.045363
-0.029709
0.010220
0.000000
0.022888 , -0.072514 , 0.095402
0.099828 , 0.032146 , 0.067682
-0.073541 , -0.043910 , -0.029631
0.106413 , 0.069831 , 0.036582
-0.061071 , 0.220301 , -0.281372
-0.024396 , 0.078430 , -0.102826
-0.004991 , 0.058262 , -0.063253
-0.040196 , -0.074736 , 0.034540
-0.006992 , 0.019268 , -0.026260
-0.089629 , -0.028925 , -0.060704
0.100387 , -0.027981 , 0.128368
-0.014039 , -0.015742 , 0.001703
-0.030242 , 0.046949 , -0.077191
0.000000 , 0.036918 , -0.036918
-0.094250 , -0.000292 , -0.093958
-0.080745 , -0.104216 , 0.023471
-0.051802 , -0.076484 , 0.024682
0.009501 , -0.048146 , 0.057647
0.056471 , -0.078285 , 0.134756
-0.004454 , -0.337135 , 0.332681
-0.044743 , -0.002460 , -0.042283
0.074941 , -0.243951 , 0.318892
0.002179 , 0.008306 , -0.006127
-0.013043 , -0.008261 , -0.004782
-0.094714 , 0.006297 , -0.101011
0.021898 , 0.153081 , -0.131183
0.035714 , -0.057835 , 0.093549
-0.022989 , -0.006184 , -0.016805
-0.011765 , 0.007242 , -0.019007
-0.021429 , -0.014200 , -0.007229
0.002433 , -0.003141 , 0.005574
0.024272 , 0.010675 , 0.013597
-0.014218 , 0.006791 , -0.021009
0.021635 , 0.008520 , 0.013115
-0.011765 , -0.017844 , 0.006079
0.011905 , 0.022718 , -0.010813
-0.056471 , 0.011135 , -0.067606
-0.000000 , 0.059583 , -0.059583
-0.017456 , -0.003404 , -0.014052
0.010152 , -0.012960 , 0.023112
-0.055276 , -0.022603 , -0.032673
0.047872 , -0.026691 , 0.074563
-0.098985 , -0.001195 , -0.097790
0.002817 , 0.002829 , -0.000012
0.036517 , -0.036096 , 0.072613
0.056911 , -0.027865 , 0.084776
0.023077 , 0.103414 , -0.080337
-0.022556 , 0.011684 , -0.034240
0.000000 , 0.030228 , -0.030228
-0.043590 , -0.009731 , -0.033859
-0.061662 , 0.060496 , -0.122158
0.037143 , -0.001962 , 0.039105
0.005510 , -0.018971 , 0.024481
-0.046575 , 0.027411 , -0.073986
0.043103 , -0.020927 , 0.064030
0.071625 , -0.003812 , 0.075437
0.017995 , 0.057428 , -0.039433
-0.015152 , 0.028173 , -0.043325
0.005128 , 0.036159 , -0.031031
0.038265 , 0.022818 , 0.015447
