#TGT, OUT, ERROR
0.072280
0.060694
-0.131569
-0.085381
-0.101356
0.020744
0.019025
-0.051921
0.158190
0.020129
0.037673
0.114526
-0.025071
0.092297
0.009395
-0.021911
0.069133
0.034570
-0.012931
-0.056783
0.011826
0.102714
-0.002070
-0.029122
0.007505
-0.061638
-0.070450
-0.000955
0.034135
-0.033008
-0.057085
-0.002059
0.076987
0.026706
0.000000
-0.013145
-0.106873
0.039876
0.094652
-0.062623
0.040629
0.073049
0.056699
0.011821
0.035494
-0.011689
-0.052836
0.014227
-0.096428
0.041129
-0.001126
-0.105088
-0.094687
0.012825
-0.087591
0.108087
0.006537
-0.044918
0.085847
-0.000527
0.018921
-0.010168
-0.029773
0.056205
-0.028033
-0.039680
-0.049583
-0.023480
-0.033226
0.035300
-0.035896
-0.041505
0.041692
-0.038800
-0.048073
-0.020200
-0.058441
-0.138664
-0.027548
-0.032703
0.094590
-0.013546
0.113898
0.014951
0.004092
0.205775
0.008859
-0.025707
0.023598
0.020896
0.028193
0.033181
-0.002804
0.039235
-0.002454
-0.078626
0.011741
-0.078560
-0.009106
0.022233
0.034146
0.102107
-0.126168
0.034614
-0.017484
-0.081278
-0.005027
0.060164
0.027562
0.006939
-0.000000
-0.052991
0.000000
-0.001697
0.083661
-0.009724
-0.032944
-0.055066
-0.080846
-0.003394
0.014800
0.002983
-0.112736
-0.002095
0.041571
-0.054022
-0.016621
0.133963
-0.030575
0.005914
-0.074116
-0.008466
-0.074329
-0.024033
-0.046781
0.219719
0.004472
-0.032370
-0.002927
0.086859
-0.004245
0.060495
-0.031100
0.027573
-0.000000
-0.000000
0.069774
0.049442
-0.059499
-0.015758
-0.044577
-0.015566
-0.021736
-0.067042
0.034650
0.061500
0.064264
0.016660
0.094708
-0.023333
0.031697
0.016216
0.014962
0.038477
0.098750
-0.029484
0.028945
0.006736
-0.016211
0.005693
-0.076265
0.036411
0.000000
-0.030682
0.016437
-0.028457
-0.044699
0.039032
0.111486
0.064237
0.059058
-0.013647
0.037691
-0.021304
0.030692
0.024942
0.004694
-0.009320
-0.029661
-0.013071
-0.014748
-0.027438
0.051285
0.039031
-0.016442
0.032226
-0.000000
0.032492 , 0.030081 , 0.002411
0.032074 , 0.044945 , -0.012871
-0.107559 , 0.023581 , -0.131140
0.047231 , 0.014060 , 0.033171
-0.063932 , -0.002238 , -0.061694
-0.036425 , -0.037904 , 0.001479
0.035093 , -0.004338 , 0.039431
-0.057478 , -0.032947 , -0.024531
-0.027027 , -0.006225 , -0.020802
-0.060859 , -0.044634 , -0.016225
0.004302 , -0.055723 , 0.060025
0.052209 , -0.014110 , 0.066319
0.021629 , -0.038180 , 0.059809
0.000000 , 0.005111 , -0.005111
-0.095890 , 0.005314 , -0.101204
-0.027548 , -0.040643 , 0.013095
-0.086402 , -0.013964 , -0.072438
0.026047 , -0.052983 , 0.079030
0.022665 , -0.027862 , 0.050527
0.003251 , -0.038187 , 0.041438
0.017673 , 0.008864 , 0.008809
0.014472 , -0.007583 , 0.022055
0.055920 , 0.019612 , 0.036308
0.057822 , 0.046246 , 0.011576
0.011750 , 0.039663 , -0.027913
0.006312 , 0.028396 , -0.022084
-0.009032 , 0.012327 , -0.021359
0.021266 , 0.019508 , 0.001758
-0.004463 , 0.025684 , -0.030147
-0.062500 , 0.009605 , -0.072105
0.062417 , -0.008699 , 0.071116
0.013750 , -0.002597 , 0.016347
-0.033292 , 0.014831 , -0.048123
-0.008929 , 0.019119 , -0.028048
-0.022909 , -0.013297 , -0.009612
0.011328 , -0.007979 , 0.019307
0.001563 , 0.011605 , -0.010042
0.024707 , -0.018281 , 0.042988
-0.029188 , 0.018933 , -0.048121
-0.021961 , -0.003611 , -0.018350
0.026731 , -0.003683 , 0.030414
0.014840 , -0.004872 , 0.019712
-0.026936 , 0.022562 , -0.049498
0.052465 , -0.001326 , 0.053791
0.034820 , 0.005901 , 0.028919
0.015493 , 0.024586 , -0.009093
0.008343 , 0.029851 , -0.021508
0.010166 , 0.013744 , -0.003578
0.030892 , 0.024603 , 0.006289
0.012940 , 0.032675 , -0.019735
-0.074406 , 0.017638 , -0.092044
-0.025424 , 0.006198 , -0.031622
-0.055901 , -0.026246 , -0.029655
-0.001579 , -0.043720 , 0.042141
-0.023459 , 0.002217 , -0.025676
0.122807 , -0.046544 , 0.169351
0.013220 , 0.010988 , 0.002232
-0.002847 , 0.014495 , -0.017342
0.023079 , 0.030559 , -0.007480
0.023256 , 0.025745 , -0.002489
