#TGT, OUT, ERROR
0.123807
0.064335
0.061111
-0.066661
-0.087363
0.025661
0.041332
-0.098861
0.029517
0.032780
0.138898
0.097584
0.025391
0.077392
0.005729
0.047155
-0.011472
-0.005769
0.049408
-0.076712
0.054421
0.051645
-0.007742
-0.039078
-0.006516
-0.045284
-0.098833
0.008236
0.012880
-0.032897
-0.105616
0.023678
0.090489
0.028903
-0.000000
0.001586
-0.110755
0.042096
0.096941
-0.032820
0.025383
0.080173
0.034377
0.052612
0.050014
0.002513
-0.082248
0.021524
-0.132805
-0.010477
0.047233
-0.115409
-0.054675
0.061010
-0.030105
0.227606
-0.050840
-0.067472
0.080905
-0.002058
-0.009633
-0.018162
-0.000621
0.019460
-0.015465
-0.046139
-0.041952
-0.040080
-0.052971
0.027813
-0.001835
-0.010818
0.087581
-0.053659
-0.042589
-0.007370
-0.041057
-0.180938
0.040401
-0.043861
0.050625
-0.006837
0.098444
0.024577
0.016232
0.152479
-0.000329
-0.034393
0.017980
0.042397
0.020357
0.011608
-0.014781
0.056696
0.021746
-0.069151
-0.020900
-0.065040
0.007253
0.025180
0.021029
0.099682
-0.134989
0.080188
0.000000
-0.108699
-0.024400
0.034623
0.024526
0.008724
-0.000000
-0.062503
0.003954
-0.017337
0.081353
-0.044091
-0.019386
-0.051400
-0.066641
-0.044657
0.021008
-0.052623
-0.086930
-0.021170
-0.043257
-0.031051
-0.014615
0.210097
-0.031823
0.000523
-0.096407
0.006166
-0.111657
-0.019332
-0.018467
0.204494
-0.018285
-0.040662
0.013163
0.062167
-0.008012
0.067016
-0.045184
0.063117
0.000000
0.000000
0.071664
0.079195
-0.080274
-0.017445
-0.043135
-0.021231
-0.037916
-0.062016
0.049298
0.050359
0.051745
0.010396
0.097937
-0.025407
0.038873
0.019848
0.022616
0.046937
0.099365
-0.038471
0.033192
-0.010833
-0.017623
0.007560
-0.059307
0.034069
0.000000
-0.018696
0.031043
-0.047381
-0.038388
0.041661
0.105268
0.064774
0.060796
0.011462
0.030708
0.025527
0.003179
0.015710
0.009294
0.033741
-0.062607
0.012964
-0.059066
-0.018586
0.042303
0.055206
0.011051
0.010375
-0.000000
0.026327 , 0.118629 , -0.092302
0.025651 , 0.042830 , -0.017179
-0.102136 , 0.050228 , -0.152364
0.037860 , 0.024081 , 0.013779
-0.081349 , 0.007459 , -0.088808
-0.032058 , -0.016503 , -0.015555
0.129480 , -0.013472 , 0.142952
-0.013804 , 0.009654 , -0.023458
-0.007013 , 0.058386 , -0.065399
-0.050848 , -0.005443 , -0.045405
0.005952 , -0.000363 , 0.006315
0.082840 , -0.077983 , 0.160823
0.015027 , 0.006722 , 0.008305
0.000000 , 0.020962 , -0.020962
-0.119785 , 0.014100 , -0.133885
-0.021407 , 0.015286 , -0.036693
-0.106250 , -0.021865 , -0.084385
0.041958 , -0.068141 , 0.110099
-0.010403 , 0.013067 , -0.023470
-0.016616 , -0.043879 , 0.027263
-0.000345 , 0.002846 , -0.003191
0.031390 , 0.019553 , 0.011837
0.093311 , 0.021432 , 0.071879
0.021413 , 0.017572 , 0.003841
0.108116 , 0.066552 , 0.041564
0.026757 , 0.005256 , 0.021501
-0.007897 , 0.048188 , -0.056085
-0.014593 , 0.080244 , -0.094837
0.025579 , -0.010282 , 0.035861
-0.046731 , 0.017726 , -0.064457
0.007987 , -0.016073 , 0.024060
0.051913 , -0.020964 , 0.072877
-0.024156 , 0.020818 , -0.044974
0.001065 , 0.016245 , -0.015180
-0.056102 , -0.003901 , -0.052201
0.019718 , -0.027424 , 0.047142
-0.011878 , 0.001685 , -0.013563
0.025999 , 0.003819 , 0.022180
-0.039510 , 0.002932 , -0.042442
0.005674 , -0.005874 , 0.011548
0.036671 , 0.002920 , 0.033751
0.014150 , 0.012375 , 0.001775
-0.034076 , 0.027866 , -0.061942
0.116667 , -0.004099 , 0.120766
0.022388 , 0.022472 , -0.000084
0.036496 , 0.004976 , 0.031520
0.056338 , 0.042125 , 0.014213
-0.020000 , 0.030872 , -0.050872
0.002268 , 0.004877 , -0.002609
0.052489 , 0.009321 , 0.043168
-0.068143 , 0.027162 , -0.095305
-0.011534 , 0.020927 , -0.032461
-0.024504 , -0.003202 , -0.021302
0.031340 , -0.040562 , 0.071902
0.067038 , 0.005958 , 0.061080
0.157609 , 0.047171 , 0.110438
-0.059155 , 0.053414 , -0.112569
0.015968 , 0.022027 , -0.006059
0.009823 , 0.010814 , -0.000991
0.060311 , 0.039063 , 0.021248
