#TGT, OUT, ERROR
0.150725
-0.037534
-0.084524
-0.092894
0.021091
-0.043210
-0.080646
-0.140350
0.111011
-0.070891
0.091336
0.105431
-0.002592
0.130434
-0.063954
0.010887
-0.018736
0.001857
-0.106249
-0.055944
-0.069638
0.047771
-0.042544
0.021019
0.043564
-0.039126
0.034884
-0.089517
0.018127
-0.082848
-0.122477
0.019584
0.097013
-0.057460
0.000000
-0.085714
-0.065592
0.090285
0.165618
-0.120156
0.037853
0.111897
-0.017849
-0.065974
0.087244
-0.062348
-0.080910
0.019219
-0.126524
0.065323
-0.080533
-0.117732
-0.033522
-0.080956
-0.064408
0.157381
-0.014479
-0.050436
0.097296
-0.019478
0.017123
0.117840
0.004238
-0.036030
-0.042899
-0.070856
-0.033625
0.057911
-0.052000
-0.003594
0.043445
0.014580
-0.027333
0.040819
-0.053413
-0.021489
-0.377352
-0.233288
-0.082571
-0.131667
0.026878
0.054190
0.021279
0.019108
-0.066444
0.180655
0.128292
-0.006849
0.084127
0.005094
0.006329
0.031445
0.020733
0.035840
-0.008076
-0.104647
-0.003894
-0.057370
-0.020746
0.014123
0.011138
0.033063
-0.010678
-0.130726
-0.069764
-0.008333
-0.080664
0.045701
0.057686
-0.013218
-0.000000
-0.078726
0.054542
-0.068962
0.022225
-0.079713
-0.064974
0.004215
-0.079656
-0.123009
-0.098691
-0.002900
-0.017328
0.023521
0.008614
-0.002837
0.028569
0.102779
-0.060461
-0.048249
-0.101421
-0.097160
-0.034720
0.010783
-0.039167
0.277807
0.069543
0.035252
-0.034052
0.027099
0.029041
-0.012820
-0.012986
0.086831
-0.000000
0.000000
0.140450
-0.061578
-0.108587
-0.025407
-0.052081
-0.049443
-0.063587
0.009252
0.058114
0.046259
0.174016
0.004711
0.100691
-0.031913
-0.079108
0.126479
-0.055073
0.053794
0.031913
-0.068034
0.008860
0.037283
-0.012698
-0.051399
-0.006767
0.045453
0.000000
0.006517
0.006499
-0.094424
-0.026080
0.014613
0.107909
0.056288
0.008183
0.075204
0.049159
-0.009008
0.023631
0.126115
-0.037860
0.000000
0.034436
0.066560
0.056457
-0.001400
0.040833
0.062252
0.003819
0.003805
-0.000000
0.051464 , 0.020187 , 0.031277
0.044492 , 0.049052 , -0.004560
-0.062833 , 0.067602 , -0.130435
0.170458 , 0.013462 , 0.156996
-0.142713 , 0.051844 , -0.194557
0.023776 , -0.020756 , 0.044532
-0.025438 , -0.036938 , 0.011500
-0.012492 , -0.065175 , 0.052683
0.031035 , 0.048126 , -0.017091
-0.005574 , -0.098315 , 0.092741
0.168165 , 0.007393 , 0.160772
0.005754 , 0.051389 , -0.045635
-0.052478 , 0.041207 , -0.093685
-0.000001 , -0.036567 , 0.036566
-0.114802 , -0.026635 , -0.088167
-0.006821 , -0.068691 , 0.061870
-0.150068 , -0.029321 , -0.120747
0.118605 , -0.096876 , 0.215481
-0.012048 , -0.140161 , 0.128113
0.053661 , -0.028781 , 0.082442
0.064819 , 0.046878 , 0.017941
0.059778 , 0.012010 , 0.047768
-0.010256 , 0.069553 , -0.079809
0.006213 , 0.027691 , -0.021478
-0.092683 , 0.023253 , -0.115936
-0.000001 , -0.030351 , 0.030350
-0.023843 , -0.017049 , -0.006794
-0.040696 , -0.035991 , -0.004705
-0.018181 , -0.033526 , 0.015345
-0.048151 , -0.034343 , -0.013808
0.037617 , -0.035075 , 0.072692
0.012499 , -0.016820 , 0.029319
-0.072841 , -0.010288 , -0.062553
-0.003992 , -0.015840 , 0.011848
-0.016045 , -0.050492 , 0.034447
-0.005439 , -0.002122 , -0.003317
-0.057377 , -0.008562 , -0.048815
0.039132 , -0.019142 , 0.058274
0.001404 , -0.006333 , 0.007737
-0.032044 , -0.013704 , -0.018340
0.021597 , -0.003099 , 0.024696
0.028167 , -0.012979 , 0.041146
-0.054807 , 0.008724 , -0.063531
0.110431 , -0.000937 , 0.111368
0.011299 , 0.012354 , -0.001055
-0.015363 , 0.019256 , -0.034619
-0.038298 , 0.039870 , -0.078168
0.067846 , -0.029071 , 0.096917
-0.026243 , 0.033603 , -0.059846
-0.017021 , 0.008958 , -0.025979
-0.025974 , -0.003660 , -0.022314
-0.002963 , -0.040639 , 0.037676
-0.004458 , -0.018174 , 0.013716
-0.005970 , -0.014540 , 0.008570
-0.016518 , -0.005318 , -0.011200
0.100763 , -0.014271 , 0.115034
0.018031 , 0.008740 , 0.009291
-0.046322 , 0.030617 , -0.076939
0.032857 , -0.003629 , 0.036486
-0.055326 , -0.018858 , -0.036468
