#TGT, OUT, ERROR
0.077776
-0.054640
-0.045792
0.005710
-0.137504
0.014505
0.038948
0.071257
-0.019834
-0.059524
0.012649
0.048755
-0.069126
0.069132
-0.001188
0.097116
0.016395
0.001080
0.090220
-0.075865
0.146065
0.037205
-0.009863
0.009374
0.041105
0.004383
-0.082972
-0.027614
-0.006864
-0.018726
-0.067345
-0.100207
0.173648
-0.009191
0.000000
-0.031919
-0.085106
-0.011635
0.084712
-0.056405
0.044829
0.122119
-0.000980
0.054946
0.060474
0.043854
-0.050421
0.017699
-0.078256
-0.018869
0.091337
-0.079787
-0.024519
-0.075372
-0.076090
0.076472
0.016400
-0.096786
0.023819
-0.091869
-0.110112
-0.100707
0.027191
0.018699
0.038223
-0.066282
0.028403
-0.023015
-0.050237
0.052894
0.018847
-0.049307
0.037272
-0.012504
-0.050634
0.027999
-0.015151
-0.107690
-0.166670
-0.114925
0.020751
-0.058506
0.097295
0.007379
-0.034213
0.215170
0.037499
0.194781
-0.053770
0.085248
0.055650
-0.048071
0.022809
0.066884
0.028355
-0.005815
0.058403
-0.022072
0.001410
0.026758
0.042532
0.084207
-0.132277
0.068522
0.047135
-0.061256
-0.014643
0.024324
0.101572
-0.021557
0.000000
-0.088125
-0.010740
-0.029843
0.118887
-0.031252
-0.019359
-0.032897
-0.136050
0.026773
-0.047555
-0.008041
-0.024357
-0.141438
0.060089
0.005476
-0.114543
0.147841
0.037580
-0.068975
0.009269
-0.091750
-0.080818
-0.043950
-0.073547
0.240693
0.070000
-0.016822
-0.020929
0.073803
0.106675
0.006546
-0.009745
-0.016391
0.000000
-0.000000
0.191666
0.002793
0.018140
0.026025
-0.049396
0.071616
-0.030135
0.036485
-0.009130
-0.015784
0.017371
0.036791
0.190115
-0.045795
0.160724
0.063456
-0.030742
0.016791
-0.010090
-0.054684
0.031377
0.078893
0.035268
0.059594
-0.044258
0.105056
-0.000000
0.186919
0.038166
-0.031107
-0.055680
0.206689
-0.008604
0.004637
0.055984
-0.057949
0.058597
-0.030683
0.161693
0.158149
-0.046238
0.111457
-0.058248
-0.013900
0.059307
0.067682
0.001897
0.074592
0.047665
-0.024086
0.000000
-0.032613 , 0.092274 , -0.124887
-0.036825 , 0.024479 , -0.061304
-0.136772 , 0.015583 , -0.152355
0.165257 , 0.102868 , 0.062389
-0.014619 , -0.011403 , -0.003216
-0.045714 , -0.048196 , 0.002482
0.144600 , 0.009832 , 0.134768
0.032329 , -0.059317 , 0.091646
0.018593 , 0.048897 , -0.030304
-0.106033 , 0.045282 , -0.151315
0.148238 , 0.009778 , 0.138460
-0.017728 , 0.553573 , -0.571301
-0.018273 , 0.043461 , -0.061734
0.000000 , 0.078494 , -0.078494
-0.141505 , -0.037339 , -0.104166
-0.055355 , -0.001791 , -0.053564
-0.129186 , -0.055527 , -0.073659
0.024530 , -0.113132 , 0.137662
0.022871 , -0.042230 , 0.065101
0.070955 , -0.090428 , 0.161383
-0.019540 , 0.004546 , -0.024086
0.048642 , -0.056108 , 0.104750
-0.030267 , 0.035661 , -0.065928
0.069754 , 0.060670 , 0.009084
0.099674 , 0.028725 , 0.070949
0.098569 , 0.022690 , 0.075879
-0.015416 , 0.059774 , -0.075190
0.083542 , 0.029634 , 0.053908
0.033748 , 0.067527 , -0.033779
-0.016323 , 0.110806 , -0.127129
0.105436 , 0.060770 , 0.044666
-0.026789 , 0.031240 , -0.058029
0.040568 , 0.041312 , -0.000744
-0.033992 , 0.040427 , -0.074419
-0.001125 , 0.017041 , -0.018166
-0.015792 , 0.045535 , -0.061327
0.005722 , -0.006757 , 0.012479
0.065006 , 0.007206 , 0.057800
-0.043897 , 0.017085 , -0.060982
-0.075040 , 0.027798 , -0.102838
0.016966 , -0.123590 , 0.140556
0.059754 , -0.009861 , 0.069615
0.030101 , 0.009514 , 0.020587
0.064787 , 0.020404 , 0.044383
0.017005 , 0.019820 , -0.002815
0.081573 , 0.068043 , 0.013530
-0.052152 , 0.070886 , -0.123038
0.044196 , 0.076758 , -0.032562
-0.006571 , 0.013710 , -0.020281
0.027467 , 0.050368 , -0.022901
-0.071838 , 0.052650 , -0.124488
0.016066 , -0.014353 , 0.030419
0.053349 , 0.010833 , 0.042516
-0.018754 , 0.044505 , -0.063259
0.060228 , 0.060829 , -0.000601
0.045805 , -0.007537 , 0.053342
0.046732 , 0.031649 , 0.015083
0.079085 , 0.073382 , 0.005703
0.072408 , 0.036738 , 0.035670
-0.026158 , 0.098027 , -0.124185
