#TGT, OUT, ERROR
0.001166
0.043365
0.040790
-0.008333
-0.138447
0.038822
0.032816
-0.025023
0.062962
-0.065572
0.067850
0.066150
-0.018369
0.094062
0.006005
-0.024860
-0.011933
-0.035448
0.057322
-0.056290
0.039032
0.015842
0.017602
-0.019194
0.048809
-0.053765
-0.104754
-0.004179
0.026491
-0.036283
-0.065400
-0.025816
0.093671
-0.013934
0.000000
-0.056796
-0.048211
0.103792
0.038514
-0.027114
0.068057
0.091330
-0.010027
0.006311
0.052338
0.049441
-0.061343
0.011502
-0.038322
0.091293
-0.032294
-0.005889
0.030571
0.006955
-0.032560
-0.001967
0.029562
-0.017086
0.034911
0.033942
0.016515
0.014191
-0.005296
0.007099
-0.005287
-0.033530
-0.053364
0.013555
0.030569
-0.055479
0.033222
-0.011398
0.003843
0.000922
-0.008571
0.001929
-0.007701
-0.037080
0.050597
0.013425
0.003785
0.032260
0.021782
-0.001787
0.009152
-0.021491
-0.043388
0.030120
0.005248
0.059801
-0.011324
0.014301
-0.002807
0.000384
0.022255
-0.047982
0.040873
-0.024369
0.042902
0.039213
0.042391
0.013517
0.045041
-0.012762
-0.026512
0.020594
-0.027677
0.043491
0.054502
-0.008966
-0.000000
0.027454
0.026872
0.019762
0.057558
0.021569
-0.023082
-0.042401
-0.043848
0.069314
-0.031709
-0.005844
-0.011320
0.101425
-0.078924
0.014241
0.004107
0.013317
-0.030979
0.055558
0.048045
0.068173
-0.014757
0.048719
-0.033562
0.089569
0.040011
-0.033146
-0.007718
0.014650
0.018123
0.067875
0.063356
-0.063089
0.000000
0.000000
-0.037070
-0.034715
0.030346
-0.023999
0.093836
0.003058
-0.027470
0.047122
-0.017106
-0.048730
-0.048130
-0.007762
-0.020488
-0.001179
-0.023150
-0.031182
-0.034277
0.032911
-0.001250
0.025037
0.031635
-0.033606
-0.009207
0.001117
-0.018406
0.000122
0.000000
0.056489
0.014289
0.077482
0.003234
0.049853
0.106617
-0.065406
0.045204
0.008767
0.001928
0.016401
0.033265
0.047783
0.022011
-0.012411
-0.022907
0.015789
-0.014823
-0.004331
0.030845
0.056748
0.126329
0.022630
0.000000
-0.029597 , 0.041737 , -0.071334
0.010023 , -0.001738 , 0.011761
-0.000064 , 0.008689 , -0.008753
0.012241 , 0.001839 , 0.010402
-0.029624 , -0.000636 , -0.028988
-0.000627 , -0.003556 , 0.002929
0.022234 , 0.004809 , 0.017425
-0.104049 , -0.001802 , -0.102247
0.011039 , -0.006866 , 0.017905
-0.040494 , -0.017461 , -0.023033
0.064596 , -0.026668 , 0.091264
0.022041 , -0.024522 , 0.046563
-0.065145 , -0.074545 , 0.009400
-0.000000 , -0.001124 , 0.001124
-0.078716 , -0.007531 , -0.071185
0.012247 , 0.052433 , -0.040186
-0.037580 , -0.041825 , 0.004245
0.098086 , -0.021831 , 0.119917
0.052963 , 0.008689 , 0.044274
-0.012765 , -0.056140 , 0.043375
-0.014824 , 0.045210 , -0.060034
-0.095339 , 0.039838 , -0.135177
0.049401 , 0.047895 , 0.001506
-0.019825 , -0.010903 , -0.008922
0.014258 , -0.024928 , 0.039186
0.015390 , -0.016562 , 0.031952
0.054361 , 0.002127 , 0.052234
0.014587 , 0.030294 , -0.015707
0.005417 , 0.016593 , -0.011176
0.008773 , 0.009044 , -0.000271
0.080851 , 0.020604 , 0.060247
-0.033178 , 0.028320 , -0.061498
0.012364 , 0.026750 , -0.014386
0.026302 , 0.010631 , 0.015671
0.025649 , 0.020936 , 0.004713
0.024003 , 0.010193 , 0.013810
0.085936 , 0.013578 , 0.072358
0.021586 , 0.045327 , -0.023741
-0.080982 , 0.045409 , -0.126391
-0.002395 , -0.038217 , 0.035822
0.052942 , -0.008960 , 0.061902
-0.020561 , -0.008215 , -0.012346
0.056489 , -0.000990 , 0.057479
0.024025 , -0.006939 , 0.030964
-0.023990 , 0.030568 , -0.054558
0.013916 , 0.026901 , -0.012985
-0.024421 , 0.008943 , -0.033364
0.068335 , 0.023526 , 0.044809
0.056952 , 0.018811 , 0.038141
0.037864 , 0.005514 , 0.032350
-0.069379 , 0.036492 , -0.105871
0.037025 , 0.022335 , 0.014690
0.061389 , 0.014716 , 0.046673
0.041248 , 0.027448 , 0.013800
-0.033767 , 0.025701 , -0.059468
-0.009834 , 0.004664 , -0.014498
-0.004584 , 0.021389 , -0.025973
0.151190 , 0.011198 , 0.139992
-0.008000 , -0.012371 , 0.004371
0.041667 , 0.023274 , 0.018393
