#TGT, OUT, ERROR
-0.011084
0.093002
0.037973
-0.013348
-0.121645
0.136806
-0.002571
0.005057
-0.009470
-0.015696
0.051258
0.036574
-0.035283
0.097594
0.022185
0.000000
-0.010809
0.010927
0.021789
-0.053228
0.029263
0.037133
0.002077
-0.016828
0.042749
-0.047142
-0.096741
-0.004791
0.028698
-0.045334
-0.025570
-0.025017
0.079487
0.021370
-0.000000
-0.058089
-0.074113
0.133291
0.035376
-0.022778
0.069744
0.071631
-0.043708
0.000251
0.113399
0.041040
-0.058845
0.020867
-0.038777
0.040341
0.024498
-0.023913
0.000000
0.000000
-0.040806
0.021232
-0.002071
0.010455
0.002054
0.041227
0.000000
0.002990
0.026681
0.017278
0.015105
-0.050264
-0.000361
0.029758
0.017185
-0.044959
0.029386
-0.009469
0.003824
0.007689
-0.026671
0.005898
0.017446
-0.057203
0.036374
0.013665
-0.010572
0.008749
0.033056
-0.018924
0.009329
-0.035650
-0.001946
0.029386
0.009399
0.024807
0.000000
0.036140
0.023624
-0.028577
0.039223
-0.047179
0.029709
-0.000000
0.034596
0.022335
0.072741
0.045736
0.045368
-0.030390
-0.025868
0.042312
-0.031503
0.048791
0.031014
-0.007520
-0.000000
0.022732
0.029636
0.015261
0.061504
0.034728
0.007709
-0.024324
-0.047086
0.081122
-0.031853
0.028926
-0.047298
0.114069
-0.096365
0.040007
-0.001291
0.011288
-0.023858
0.037709
0.033816
0.067901
-0.038592
0.026787
-0.005403
0.085442
0.018195
-0.016817
0.000214
0.015459
0.038252
0.054011
0.073893
-0.073416
0.000000
0.000000
-0.059376
-0.020973
0.021632
-0.014002
0.086562
0.013838
-0.040790
0.052538
-0.001940
-0.053556
-0.041843
-0.023443
-0.016287
-0.006623
-0.033335
-0.022002
-0.018090
0.029001
-0.017297
0.060794
0.015246
-0.023404
-0.013652
0.020688
-0.014691
-0.016168
0.000000
0.061071
0.011660
0.105623
-0.004943
0.048752
0.105298
-0.065242
0.051869
0.006202
0.020408
0.017224
0.039590
0.047886
0.031259
-0.026954
0.004013
0.017183
-0.036253
-0.012630
0.022612
0.065278
0.141625
0.043714
0.000000
-0.020585 , 0.019371 , -0.039956
0.003005 , 0.001061 , 0.001944
0.031729 , 0.007426 , 0.024303
0.014520 , 0.154442 , -0.139922
-0.016019 , 0.001574 , -0.017593
-0.023254 , 0.007963 , -0.031217
0.007732 , 0.006188 , 0.001544
-0.113995 , 0.001084 , -0.115079
0.043322 , -0.018218 , 0.061540
-0.051750 , -0.023445 , -0.028305
0.074868 , 0.005294 , 0.069574
-0.003137 , 0.036280 , -0.039417
-0.050386 , -0.010228 , -0.040158
0.000000 , 0.033775 , -0.033775
-0.106942 , 0.007760 , -0.114702
0.030006 , 0.262281 , -0.232275
-0.018258 , -0.023263 , 0.005005
0.115254 , -0.028150 , 0.143404
0.053337 , 0.013784 , 0.039553
-0.025958 , -0.037420 , 0.011462
-0.015596 , 0.003560 , -0.019156
-0.088785 , 0.045279 , -0.134064
0.053980 , 0.133268 , -0.079288
0.000000 , -0.020136 , 0.020136
0.017170 , -0.003722 , 0.020892
0.013525 , -0.003930 , 0.017455
0.053337 , -0.011395 , 0.064732
0.012649 , 0.023335 , -0.010686
0.000805 , 0.034828 , -0.034023
-0.002680 , 0.007623 , -0.010303
0.071442 , 0.008220 , 0.063222
-0.024489 , 0.006068 , -0.030557
-0.002516 , 0.030663 , -0.033179
0.018926 , 0.062332 , -0.043406
0.026164 , 0.036315 , -0.010151
0.016728 , -0.005948 , 0.022676
0.101694 , 0.022780 , 0.078914
0.019838 , -0.049785 , 0.069623
-0.106942 , 0.045372 , -0.152314
0.026960 , -0.006574 , 0.033534
0.042185 , 0.002944 , 0.039241
-0.010160 , -0.077635 , 0.067475
0.067937 , -0.000288 , 0.068225
0.014340 , -0.010512 , 0.024852
-0.005866 , 0.038626 , -0.044492
0.009228 , 0.026285 , -0.017057
-0.016639 , 0.037109 , -0.053748
0.048781 , 0.035199 , 0.013582
0.087209 , 0.009035 , 0.078174
0.017380 , -0.019650 , 0.037030
-0.063075 , 0.033571 , -0.096646
0.002525 , 0.036779 , -0.034254
0.087017 , 0.039234 , 0.047783
0.048906 , -0.047333 , 0.096239
-0.033129 , 0.181437 , -0.214566
-0.029188 , -0.038732 , 0.009544
0.019608 , 0.016309 , 0.003299
0.155256 , 0.003816 , 0.151440
-0.004550 , -0.000419 , -0.004131
0.031104 , -0.078337 , 0.109441
