#TGT, OUT, ERROR
0.040152
0.105127
0.008169
-0.007078
-0.145155
-0.009437
-0.019042
0.000000
0.106599
-0.017368
0.035714
0.086200
0.015877
-0.007815
0.068962
0.001799
0.073548
0.027483
0.085052
-0.139907
0.099942
0.011707
-0.038522
-0.011957
0.060747
0.005112
-0.116606
-0.009929
0.024524
-0.108908
-0.171107
0.082155
0.150240
-0.046166
0.000000
-0.120955
-0.018908
0.073502
-0.024387
-0.085364
0.122011
0.009543
0.081864
-0.025294
0.096578
-0.020458
-0.041504
-0.028714
-0.051854
0.027320
0.008978
-0.070171
0.054559
-0.024896
-0.045865
0.038453
0.055549
0.008608
0.043633
0.049986
-0.018990
-0.018822
-0.000636
0.141920
0.105481
-0.104713
-0.020285
0.028346
-0.101470
-0.003379
0.032209
-0.059296
0.083341
0.074640
-0.026519
0.085293
-0.010832
-0.041085
-0.092857
0.110262
-0.049656
0.060479
0.104671
-0.002388
0.031895
-0.047011
0.076609
-0.034980
-0.018744
0.036800
0.017205
-0.082040
0.052666
0.012473
0.022257
0.002397
-0.060379
-0.018804
0.084653
-0.000000
0.051677
0.012758
-0.004553
0.018168
0.019013
-0.032305
0.015224
0.007253
0.076947
-0.033940
0.000000
0.038710
0.015754
0.022291
0.035998
0.046977
0.018700
-0.113780
0.055920
0.019511
-0.033581
-0.020390
-0.065493
0.130430
-0.057716
0.020417
0.049887
-0.023401
0.033745
-0.042360
0.004809
0.039394
0.000101
0.013965
-0.018613
0.089134
-0.007843
-0.015340
-0.006690
0.004474
0.027683
0.016498
0.004264
0.012783
-0.000000
0.000000
-0.000000
0.075640
-0.025396
-0.026058
0.086402
0.001016
-0.027485
0.011647
0.014649
-0.052341
0.045618
-0.006279
-0.037585
-0.040082
0.031786
-0.027861
-0.053664
-0.011162
-0.061062
-0.018466
0.058246
0.046835
-0.031257
-0.000000
0.026631
0.009992
0.000000
0.113789
0.029023
0.066418
-0.034200
0.069287
0.033779
0.031963
0.050219
-0.082269
0.085206
-0.043792
0.029624
-0.022105
0.016201
-0.000067
-0.009674
-0.015725
-0.022754
-0.000955
-0.023837
0.083999
0.073674
-0.027154
-0.000000
0.009030 , 0.014939 , -0.005909
0.027319 , 0.054041 , -0.026722
-0.047282 , 0.038099 , -0.085381
0.028093 , 0.163189 , -0.135096
0.057693 , -0.009779 , 0.067472
0.024286 , 0.003004 , 0.021282
0.033080 , 0.009246 , 0.023834
-0.039471 , 0.026535 , -0.066006
0.013008 , 0.062194 , -0.049186
0.012868 , 0.035609 , -0.022741
0.032995 , 0.006213 , 0.026782
0.018179 , -0.001021 , 0.019200
-0.003858 , -0.005370 , 0.001512
-0.000000 , 0.035092 , -0.035092
-0.063971 , 0.018894 , -0.082865
-0.014334 , 0.010911 , -0.025245
-0.063603 , -0.003905 , -0.059698
0.042899 , -0.025942 , 0.068841
0.061083 , -0.038099 , 0.099182
0.064928 , -0.025872 , 0.090800
-0.021633 , 0.003739 , -0.025372
0.005032 , 0.025878 , -0.020846
-0.045012 , 0.052942 , -0.097954
0.020945 , 0.018990 , 0.001955
0.010271 , -0.001001 , 0.011272
0.060921 , -0.011590 , 0.072511
0.009558 , 0.003023 , 0.006535
0.033174 , 0.009029 , 0.024145
-0.020648 , 0.035003 , -0.055651
-0.021059 , 0.028344 , -0.049403
0.036830 , 0.018828 , 0.018002
-0.067846 , 0.007549 , -0.075395
0.039133 , -0.004925 , 0.044058
0.017131 , -0.006590 , 0.023721
-0.007012 , -0.019050 , 0.012038
-0.059449 , 0.014746 , -0.074195
-0.030843 , -0.005872 , -0.024971
0.024601 , 0.001035 , 0.023566
-0.022784 , -0.020968 , -0.001816
-0.038632 , -0.021070 , -0.017562
0.076672 , -0.025348 , 0.102020
0.016717 , -0.012770 , 0.029487
0.008892 , 0.010543 , -0.001651
-0.009109 , 0.015315 , -0.024424
0.017640 , 0.011431 , 0.006209
0.028809 , 0.022631 , 0.006178
0.003797 , 0.010691 , -0.006894
-0.014184 , 0.014918 , -0.029102
0.007434 , 0.012975 , -0.005541
0.023566 , 0.015631 , 0.007935
-0.067442 , 0.002715 , -0.070157
-0.013716 , 0.009823 , -0.023539
-0.056890 , -0.004141 , -0.052749
0.005362 , -0.002609 , 0.007971
0.050667 , -0.042363 , 0.093030
0.002284 , -0.025349 , 0.027633
-0.063054 , -0.003673 , -0.059381
0.040000 , -0.002849 , 0.042849
0.010915 , 0.011388 , -0.000473
0.041131 , -0.003374 , 0.044505
