1 m 1 5
1 m 1 18
2 m 2 5
2 m 2 18
3 m 3 5
3 m 3 18
4 m 4 5
4 m 4 18
5 m 5 5
5 m 5 18
6 m 6 5
6 m 6 18
7 m 7 5
7 m 7 18
8 m 8 5
8 m 8 18
9 m 9 5
9 m 9 18
10 m 10 5
10 m 10 18
12 m 12 5
12 m 12 18
13 m 13 5
13 m 13 18
14 m 14 5
14 m 14 18
15 m 15 5
15 m 15 18
16 m 16 5
16 m 16 18
17 m 17 5
17 m 17 18
18 m 18 5
18 m 18 18
19 m 19 5
19 m 19 18
20 m 20 5
20 m 20 18
21 m 21 5
21 m 21 18
22 m 22 5
22 m 22 18
23 m 23 5
23 m 23 18
25 m 25 5
25 m 25 18
26 m 26 5
26 m 26 18
27 m 27 5
27 m 27 18
30 m 30 5
30 m 30 18
31 m 31 5
31 m 31 18
32 m 32 5
32 m 32 18
33 m 33 5
33 m 33 18
34 m 34 5
34 m 34 18
36 m 36 5
36 m 36 18
37 m 37 5
37 m 37 18
38 m 38 5
38 m 38 18
39 m 39 5
39 m 39 18
40 m 40 5
40 m 40 18
41 m 41 5
41 m 41 18
42 m 42 5
42 m 42 18
43 m 43 5
43 m 43 18
44 m 44 5
44 m 44 18
45 m 45 5
45 m 45 18
46 m 46 5
46 m 46 18
47 m 47 5
47 m 47 18
48 m 48 5
48 m 48 18
49 m 49 5
49 m 49 18
51 m 51 5
51 m 51 18
52 m 52 5
52 m 52 18
53 m 53 5
53 m 53 18
54 m 54 5
54 m 54 18
55 m 55 5
55 m 55 18
56 m 56 5
56 m 56 18
58 m 58 5
58 m 58 18
59 m 59 5
59 m 59 18
60 m 60 5
60 m 60 18
61 m 61 5
61 m 61 18
65 m 65 5
65 m 65 18
66 m 66 5
66 m 66 18
67 m 67 5
67 m 67 18
69 m 69 5
69 m 69 18
70 m 70 5
70 m 70 18
71 m 71 5
71 m 71 18
72 m 72 5
72 m 72 18
73 m 73 5
73 m 73 18
74 m 74 5
74 m 74 18
75 m 75 5
75 m 75 18
76 m 76 5
76 m 76 18
78 w 2 5
78 w 2 18
79 w 3 5
79 w 3 18
80 w 4 5
80 w 4 18
81 w 5 5
81 w 5 18
83 w 7 5
83 w 7 18
84 w 8 5
84 w 8 18
85 w 9 5
85 w 9 18
87 w 11 5
87 w 11 18
88 w 12 5
88 w 12 18
89 w 13 5
89 w 13 18
90 w 14 5
90 w 14 18
91 w 15 5
91 w 15 18
92 w 16 5
92 w 16 18
93 w 17 5
93 w 17 18
94 w 18 5
94 w 18 18
95 w 19 5
95 w 19 18
96 w 20 5
96 w 20 18
97 w 21 5
97 w 21 18
98 w 22 5
98 w 22 18
99 w 23 5
99 w 23 18
100 w 24 5
100 w 24 18
101 w 25 5
101 w 25 18
102 w 26 5
102 w 26 18
104 w 28 5
104 w 28 18
105 w 29 5
105 w 29 18
106 w 30 5
106 w 30 18
107 w 31 5
107 w 31 18
108 w 32 5
108 w 32 18
109 w 33 5
109 w 33 18
110 w 34 5
110 w 34 18
111 w 35 5
111 w 35 18
112 w 36 5
112 w 36 18
113 w 37 5
113 w 37 18
114 w 38 5
114 w 38 18
115 w 39 5
115 w 39 18
116 w 40 5
116 w 40 18
117 w 41 5
117 w 41 18
118 w 42 5
118 w 42 18
119 w 43 5
119 w 43 18
120 w 44 5
120 w 44 18
121 w 45 5
121 w 45 18
122 w 46 5
122 w 46 18
124 w 48 5
124 w 48 18
126 w 50 5
126 w 50 18
127 w 51 5
127 w 51 18
128 w 52 5
128 w 52 18
129 w 53 5
129 w 53 18
130 w 54 5
130 w 54 18
131 w 55 5
131 w 55 18
133 w 57 5
133 w 57 18
134 w 58 5
134 w 58 18
135 w 59 5
135 w 59 18
136 w 60 5
136 w 60 18
