1 m 1 6
1 m 1 19
2 m 2 6
2 m 2 19
3 m 3 6
3 m 3 19
4 m 4 6
4 m 4 19
5 m 5 6
5 m 5 19
6 m 6 6
6 m 6 19
7 m 7 6
7 m 7 19
8 m 8 6
8 m 8 19
9 m 9 6
9 m 9 19
10 m 10 6
10 m 10 19
12 m 12 6
12 m 12 19
13 m 13 6
13 m 13 19
14 m 14 6
14 m 14 19
15 m 15 6
15 m 15 19
16 m 16 6
16 m 16 19
17 m 17 6
17 m 17 19
18 m 18 6
18 m 18 19
19 m 19 6
19 m 19 19
20 m 20 6
20 m 20 19
21 m 21 6
21 m 21 19
22 m 22 6
22 m 22 19
23 m 23 6
23 m 23 19
25 m 25 6
25 m 25 19
26 m 26 6
26 m 26 19
27 m 27 6
27 m 27 19
30 m 30 6
30 m 30 19
31 m 31 6
31 m 31 19
32 m 32 6
32 m 32 19
33 m 33 6
33 m 33 19
34 m 34 6
34 m 34 19
36 m 36 6
36 m 36 19
37 m 37 6
37 m 37 19
38 m 38 6
38 m 38 19
39 m 39 6
39 m 39 19
40 m 40 6
40 m 40 19
41 m 41 6
41 m 41 19
42 m 42 6
42 m 42 19
43 m 43 6
43 m 43 19
44 m 44 6
44 m 44 19
45 m 45 6
45 m 45 19
46 m 46 6
46 m 46 19
47 m 47 6
47 m 47 19
48 m 48 6
48 m 48 19
49 m 49 6
49 m 49 19
51 m 51 6
51 m 51 19
52 m 52 6
52 m 52 19
53 m 53 6
53 m 53 19
54 m 54 6
54 m 54 19
55 m 55 6
55 m 55 19
56 m 56 6
56 m 56 19
58 m 58 6
58 m 58 19
59 m 59 6
59 m 59 19
60 m 60 6
60 m 60 19
61 m 61 6
61 m 61 19
65 m 65 6
65 m 65 19
66 m 66 6
66 m 66 19
67 m 67 6
67 m 67 19
69 m 69 6
69 m 69 19
70 m 70 6
70 m 70 19
71 m 71 6
71 m 71 19
72 m 72 6
72 m 72 19
73 m 73 6
73 m 73 19
74 m 74 6
74 m 74 19
75 m 75 6
75 m 75 19
76 m 76 6
76 m 76 19
78 w 2 6
78 w 2 19
79 w 3 6
79 w 3 19
80 w 4 6
80 w 4 19
81 w 5 6
81 w 5 19
83 w 7 6
83 w 7 19
84 w 8 6
84 w 8 19
85 w 9 6
85 w 9 19
87 w 11 6
87 w 11 19
88 w 12 6
88 w 12 19
89 w 13 6
89 w 13 19
90 w 14 6
90 w 14 19
91 w 15 6
91 w 15 19
92 w 16 6
92 w 16 19
93 w 17 6
93 w 17 19
94 w 18 6
94 w 18 19
95 w 19 6
95 w 19 19
96 w 20 6
96 w 20 19
97 w 21 6
97 w 21 19
98 w 22 6
98 w 22 19
99 w 23 6
99 w 23 19
100 w 24 6
100 w 24 19
101 w 25 6
101 w 25 19
102 w 26 6
102 w 26 19
104 w 28 6
104 w 28 19
105 w 29 6
105 w 29 19
106 w 30 6
106 w 30 19
107 w 31 6
107 w 31 19
108 w 32 6
108 w 32 19
109 w 33 6
109 w 33 19
110 w 34 6
110 w 34 19
111 w 35 6
111 w 35 19
112 w 36 6
112 w 36 19
113 w 37 6
113 w 37 19
114 w 38 6
114 w 38 19
115 w 39 6
115 w 39 19
116 w 40 6
116 w 40 19
117 w 41 6
117 w 41 19
118 w 42 6
118 w 42 19
119 w 43 6
119 w 43 19
120 w 44 6
120 w 44 19
121 w 45 6
121 w 45 19
122 w 46 6
122 w 46 19
124 w 48 6
124 w 48 19
126 w 50 6
126 w 50 19
127 w 51 6
127 w 51 19
128 w 52 6
128 w 52 19
129 w 53 6
129 w 53 19
130 w 54 6
130 w 54 19
131 w 55 6
131 w 55 19
133 w 57 6
133 w 57 19
134 w 58 6
134 w 58 19
135 w 59 6
135 w 59 19
136 w 60 6
136 w 60 19
