0 1
0 25
0 9
0 61
0 50
0 52
0 10
0 30
0 15
0 23
0 40
0 41
0 49
0 24
0 36
0 16
0 37
0 17
0 35
0 33
0 51
0 44
0 26
0 13
0 19
0 5
0 0
0 45
0 12
0 59
0 7
0 58
1 16
1 15
1 18
1 54
1 56
1 41
1 31
1 2
1 57
1 38
1 19
1 28
1 8
1 9
1 32
1 22
1 51
1 27
1 33
1 26
1 61
1 39
1 45
1 11
1 14
1 7
1 24
1 35
1 42
1 1
1 60
1 0
2 28
2 1
2 25
2 27
2 39
2 56
2 18
2 38
2 8
2 12
2 14
2 20
2 24
2 0
2 34
2 29
2 2
2 62
2 55
2 42
2 41
2 50
2 40
2 45
2 4
2 11
2 3
2 47
2 36
2 52
2 5
2 15
3 14
3 22
3 29
3 32
3 47
3 28
3 3
3 11
3 53
3 45
3 52
3 38
3 31
3 30
3 60
3 19
3 20
3 33
3 4
3 56
3 43
3 44
3 55
3 59
3 13
3 26
3 58
3 8
3 42
3 0
3 17
3 7
4 58
4 11
4 35
4 55
4 23
4 2
4 12
4 43
4 16
4 46
4 57
4 59
4 47
4 24
4 60
4 36
4 20
4 25
4 62
4 14
4 21
4 18
4 6
4 54
4 27
4 56
4 29
4 41
4 10
4 7
4 39
4 61
5 57
5 0
5 13
5 11
5 23
5 8
5 30
5 41
5 12
5 22
5 50
5 40
5 46
5 42
5 43
5 51
5 7
5 14
5 17
5 16
5 21
5 24
5 53
5 5
5 19
5 2
5 15
5 9
5 33
5 10
5 38
5 44
6 54
6 1
6 25
6 11
6 52
6 30
6 47
6 40
6 3
6 6
6 28
6 9
6 26
6 16
6 38
6 2
6 24
6 61
6 45
6 51
6 60
6 13
6 33
6 22
6 21
6 14
6 37
6 12
6 5
6 44
6 57
6 50
7 21
7 60
7 55
7 48
7 4
7 16
7 62
7 13
7 54
7 2
7 37
7 52
7 11
7 17
7 38
7 6
7 29
7 35
7 39
7 49
7 58
7 14
7 26
7 24
7 61
7 18
7 9
7 25
7 3
7 46
7 12
7 32
8 1
8 44
8 26
8 15
8 8
8 42
8 37
8 40
8 53
8 52
8 58
8 4
8 59
8 20
8 19
8 47
8 33
8 60
8 49
8 34
8 7
8 2
8 11
8 25
8 48
8 21
8 16
8 22
8 36
8 3
8 10
8 38
9 60
9 1
9 28
9 53
9 3
9 24
9 46
9 21
9 44
9 42
9 5
9 12
9 39
9 47
9 55
9 58
9 6
9 38
9 14
9 22
9 54
9 36
9 17
9 31
9 7
9 20
9 51
9 18
9 48
9 19
9 41
9 23
10 61
10 44
10 44
10 36
10 36
10 19
10 17
10 26
10 12
10 24
10 2
10 54
10 59
10 23
10 5
10 16
10 11
10 21
10 9
10 57
10 38
10 31
10 30
10 56
10 10
10 47
10 33
10 46
10 48
10 60
10 37
10 3
11 56
11 33
11 24
11 59
11 47
11 47
11 18
11 57
11 27
11 27
11 23
11 48
11 42
11 17
11 3
11 6
11 40
11 19
11 29
11 11
11 0
11 5
11 41
11 58
11 58
11 9
11 4
11 37
11 46
11 2
11 55
11 38
12 37
12 37
12 55
12 38
12 24
12 43
12 32
12 41
12 9
12 42
12 5
12 7
12 45
12 44
12 2
12 20
12 23
12 23
12 27
12 25
12 19
12 61
12 0
12 62
12 53
12 18
12 17
12 12
12 50
12 58
12 13
12 39
13 13
13 27
13 60
13 0
13 55
13 23
13 34
13 11
13 21
13 3
13 19
13 19
13 18
13 9
13 25
13 61
13 14
13 52
13 10
13 37
13 15
13 1
13 6
13 26
13 8
13 43
13 38
13 33
13 41
13 62
13 7
13 44
14 35
14 36
14 62
14 44
14 58
14 16
14 16
14 7
14 3
14 17
14 40
14 47
14 31
14 39
14 54
14 57
14 45
14 34
14 30
14 15
14 5
14 9
14 12
14 8
14 25
14 21
14 52
14 60
14 50
14 56
14 43
14 2
15 51
15 57
15 38
15 3
15 32
15 20
15 34
15 6
15 11
15 27
15 49
15 46
15 62
15 54
15 61
15 1
15 8
15 47
15 24
15 29
15 22
15 21
15 15
15 2
15 17
15 53
15 45
15 56
15 12
15 26
15 18
15 43
16 38
16 57
16 52
16 20
16 18
16 16
16 54
16 13
16 35
16 15
16 23
16 6
16 3
16 58
16 4
16 31
16 24
16 8
16 33
16 26
16 19
16 32
16 32
16 11
16 30
16 27
16 36
16 0
16 45
16 60
16 5
16 46
17 61
17 0
17 41
17 14
17 4
17 59
17 45
17 28
17 3
17 52
17 55
17 47
17 8
17 24
17 57
17 19
17 44
17 22
17 15
17 48
17 9
17 25
17 54
17 30
17 38
17 13
17 27
17 7
17 58
17 11
17 26
17 60
18 9
18 7
18 17
18 54
18 22
18 59
18 37
18 46
18 5
18 56
18 6
18 57
18 8
18 34
18 30
18 21
18 60
18 42
18 27
18 51
18 23
18 62
18 11
18 25
18 4
18 24
18 58
18 50
18 18
18 32
18 31
18 26
19 36
19 16
19 32
19 7
19 46
19 53
19 5
19 26
19 34
19 30
19 12
19 22
19 57
19 6
19 42
19 29
19 49
19 59
19 8
19 44
19 27
19 20
19 13
19 48
19 1
19 15
19 54
19 3
19 37
19 25
19 17
19 60
20 13
20 24
20 25
20 6
20 31
20 4
20 59
20 58
20 51
20 53
20 60
20 39
20 34
20 22
20 45
20 7
20 43
20 29
20 57
20 21
20 33
20 36
20 12
20 28
20 50
20 54
20 2
20 56
20 61
20 42
20 37
20 20
21 59
21 10
21 3
21 2
21 51
21 32
21 9
21 43
21 60
21 39
21 0
21 53
21 7
21 36
21 35
21 21
21 23
21 12
21 37
21 14
21 33
21 57
21 34
21 19
21 31
21 47
21 26
21 40
21 28
21 8
21 24
21 20
22 7
22 31
22 20
22 40
22 50
22 56
22 61
22 0
22 28
22 13
22 60
22 5
22 29
22 17
22 34
22 55
22 32
22 25
22 49
22 8
22 35
22 27
22 47
22 58
22 4
22 51
22 46
22 59
22 44
22 24
22 41
22 21
23 0
23 6
23 36
23 35
23 19
23 28
23 32
23 23
23 59
23 56
23 7
23 53
23 15
23 8
23 16
23 34
23 31
23 5
23 22
23 14
23 62
23 4
23 2
23 33
23 42
23 39
23 3
23 38
23 10
23 47
23 52
23 30
24 21
24 2
24 50
24 33
24 1
24 55
24 27
24 22
24 60
24 53
24 34
24 16
24 26
24 58
24 44
24 32
24 23
24 42
24 5
24 41
24 4
24 35
24 46
24 3
24 49
24 39
24 29
24 28
24 20
24 52
24 38
24 10
25 33
25 5
25 31
25 47
25 34
25 9
25 40
25 38
25 45
25 23
25 39
25 46
25 25
25 42
25 30
25 59
25 44
25 7
25 56
25 8
25 36
25 14
25 37
25 60
25 50
25 28
25 55
25 13
25 62
25 48
25 12
25 21
26 51
26 36
26 59
26 32
26 0
26 55
26 18
26 7
26 47
26 24
26 41
26 31
26 58
26 35
26 37
26 9
26 57
26 61
26 5
26 19
26 53
26 4
26 10
26 3
26 6
26 23
26 62
26 42
26 60
26 28
26 39
26 21
27 6
27 5
27 15
27 39
27 42
27 22
27 49
27 12
27 11
27 60
27 44
27 4
27 17
27 33
27 8
27 47
27 43
27 50
27 20
27 26
27 41
27 13
27 10
27 18
27 54
27 48
27 59
27 32
27 27
27 24
27 52
27 28
28 21
28 61
28 25
28 8
28 45
28 43
28 56
28 7
28 30
28 29
28 44
28 5
28 34
28 60
28 58
28 17
28 49
28 0
28 57
28 37
28 31
28 2
28 1
28 52
28 26
28 59
28 46
28 50
28 51
28 24
28 15
28 48
29 59
29 20
29 19
29 57
29 15
29 34
29 50
29 22
29 54
29 14
29 3
29 46
29 56
29 40
29 58
29 41
29 60
29 38
29 8
29 47
29 26
29 30
29 2
29 32
29 53
29 10
29 23
29 35
29 29
29 5
29 44
29 16
30 45
30 18
30 52
30 51
30 0
30 15
30 19
30 2
30 54
30 34
30 60
30 4
30 50
30 61
30 7
30 26
30 28
30 29
30 53
30 48
30 1
30 17
30 20
30 47
30 44
30 55
30 36
30 5
30 58
30 42
30 46
30 59
31 44
31 28
31 17
31 52
31 16
31 19
31 15
31 1
31 59
31 6
31 37
31 38
31 10
31 27
31 20
31 5
31 62
31 49
31 53
31 18
31 33
31 60
31 24
31 56
31 8
31 32
31 25
31 48
31 2
31 40
31 0
31 3
32 14
32 58
32 52
32 31
32 20
32 17
32 36
32 48
32 8
32 61
32 23
32 12
32 16
32 5
32 57
32 11
32 32
32 19
32 13
32 18
32 51
32 43
32 47
32 21
32 55
32 41
32 10
32 24
32 59
32 25
32 42
32 33
33 8
33 50
33 1
33 16
33 49
33 24
33 28
33 0
33 54
33 31
33 48
33 42
33 4
33 53
33 36
33 20
33 62
33 26
33 12
33 2
33 13
33 43
33 55
33 32
33 41
33 3
33 27
33 29
33 45
33 61
33 11
33 40
34 27
34 30
34 29
34 0
34 50
34 8
34 52
34 47
34 32
34 62
34 37
34 33
34 19
34 60
34 41
34 48
34 46
34 12
34 1
34 10
34 18
34 49
34 45
34 57
34 15
34 44
34 43
34 21
34 31
34 51
34 53
34 28
35 50
35 28
35 45
35 16
35 11
35 26
35 35
35 23
35 34
35 52
35 62
35 18
35 33
35 57
35 31
35 12
35 37
35 43
35 38
35 1
35 60
35 49
35 48
35 41
35 36
35 6
35 17
35 20
35 22
35 7
35 42
35 25
36 10
36 51
36 56
36 20
36 25
36 43
36 0
36 24
36 17
36 23
36 12
36 5
36 7
36 60
36 46
36 19
36 31
36 52
36 13
36 18
36 4
36 33
36 41
36 40
36 35
36 48
36 29
36 8
36 15
36 2
36 28
36 38
37 43
37 26
37 61
37 58
37 36
37 21
37 7
37 41
37 27
37 3
37 22
37 46
37 34
37 9
37 51
37 13
37 29
37 54
37 47
37 62
37 37
37 45
37 53
37 42
37 16
37 18
37 14
37 35
37 60
37 30
37 44
37 23
