6
9
13
17
20
23
26
31
118
125
131
144
149
163
196
210
231
270
281
300
315
329
333
340
343
362
363
367
373
391
397
402
408
411
419
423
429
451
459
469
495
529
553
561
566
567
588
620
629
632
649
652
655
656
661
662
665
670
687
691
693
694
713
715
724
740
756
762
773
794
797
800
826
832
839
845
852
866
871
908
912
918
924
930
978
982
993
994
1010
1015
1042
1081
1099
1106
1111
1114
1131
1137
1142
1152
1153
1184
1201
1206
1216
1221
1224
1237
1252
1265
1267
1275
1278
1287
1290
1310
1315
1325
1348
1352
1362
1365
1379
1382
1383
1385
1388
1391
1407
1412
1425
1428
1433
1471
1490
1491
1495
1533
1537
1586
1589
1596
1600
1637
1659
1666
1671
1679
1686
1699
1712
1724
1725
1733
1735
1738
1762
1777
1779
1781
1801
1802
1805
1818
1821
1829
1833
1865
1915
1956
1978
1986
2017
2021
2034
2056
2078
2087
2088
2104
2105
2113
2114
2120
2128
2194
2200
2204
2299
2311
2314
2366
2369
2405
2417
2425
2435
2457
2460
2470
2471
2478
2510
2513
2519
2524
2525
2540
2550
2557
2581
2587
2592
2596
2606
2688
2701
2736
2768
2773
2794
2821
2843
2852
2855
2922
2933
2972
2974
2982
2998
3009
3013
3028
3030
3045
3059
3097
3101
3105
3112
3140
3142
3155
3171
3179
3187
3214
3227
3235
3240
3244
3252
3267
3287
3296
3305
3328
3359
3362
3371
3378
3380
3384
3386
3410
3424
3450
3460
3475
3485
3517
3527
3537
3541
3550
3561
3570
3579
3599
3645
3657
3661
3667
3670
3733
3736
3769
3785
3802
3855
3887
3895
3897
3913
3937
3939
3945
3946
3952
3979
3995
3999
4006
4009
4011
4013
4023
4054
4057
4067
4083
4089
4111
4119
4124
4138
4168
4184
4193
4199
4203
4256
4272
4314
4317
4318
4330
4339
4344
4357
4387
4421
4429
4436
4439
4455
4463
4537
4550
4571
4606
4627
4629
4643
4651
4653
4656
4664
4665
4683
4687
4709
4713
4751
4757
4762
4813
4828
4833
4838
4859
4863
4871
4877
4898
4899
4906
4912
4946
4962
4965
4975
4992
5030
5033
5081
5085
5122
5159
5175
5192
5243
5248
5252
5261
5267
5299
5304
5319
5382
5390
5398
5401
5420
5434
5445
5459
5462
5466
5506
5511
5555
5568
5572
5578
5580
5590
5600
5607
5610
5613
5615
5635
5642
5653
5659
5662
5723
5824
5832
5857
5885
5901
5923
5929
5930
5938
5941
5948
5956
5958
5970
5974
5987
6000
6018
6022
6030
6037
6054
6073
6075
6136
6140
6141
6143
6153
