1 m 1 7
2 m 2 7
3 m 3 7
4 m 4 7
5 m 5 7
6 m 6 7
7 m 7 7
8 m 8 7
9 m 9 7
10 m 10 7
11 m 11 7
12 m 12 7
13 m 13 7
14 m 14 7
15 m 15 7
16 m 16 7
17 m 17 7
18 m 18 7
19 m 19 7
20 m 20 7
21 m 21 7
22 m 22 7
23 m 23 7
24 m 24 7
25 m 25 7
26 m 26 7
27 m 27 7
28 m 28 7
29 m 29 7
30 m 30 7
31 m 31 7
32 m 32 7
33 m 33 7
34 m 34 7
35 m 35 7
36 m 36 7
37 m 37 7
38 m 38 7
39 m 39 7
40 m 40 7
41 m 41 7
42 m 42 7
43 m 43 7
44 m 44 7
45 m 45 7
46 m 46 7
47 m 47 7
48 m 48 7
49 m 49 7
50 m 50 7
51 m 51 7
52 m 52 7
53 m 53 7
54 m 54 7
55 m 55 7
56 m 56 7
57 m 57 7
58 m 58 7
59 m 59 7
60 m 60 7
61 m 61 7
62 m 62 7
63 m 63 7
64 m 64 7
65 m 65 7
66 m 66 7
67 m 67 7
68 m 68 7
69 m 69 7
70 m 70 7
71 m 71 7
72 m 72 7
73 m 73 7
74 m 74 7
75 m 75 7
76 m 76 7
77 w 1 7
78 w 2 7
79 w 3 7
80 w 4 7
81 w 5 7
83 w 7 7
84 w 8 7
85 w 9 7
86 w 10 7
87 w 11 7
88 w 12 7
89 w 13 7
90 w 14 7
91 w 15 7
92 w 16 7
93 w 17 7
94 w 18 7
95 w 19 7
96 w 20 7
97 w 21 7
98 w 22 7
99 w 23 7
100 w 24 7
101 w 25 7
102 w 26 7
103 w 27 7
104 w 28 7
105 w 29 7
106 w 30 7
107 w 31 7
108 w 32 7
109 w 33 7
110 w 34 7
111 w 35 7
112 w 36 7
113 w 37 7
114 w 38 7
115 w 39 7
116 w 40 7
117 w 41 7
118 w 42 7
119 w 43 7
120 w 44 7
121 w 45 7
122 w 46 7
123 w 47 7
124 w 48 7
125 w 49 7
126 w 50 7
127 w 51 7
128 w 52 7
129 w 53 7
130 w 54 7
131 w 55 7
132 w 56 7
133 w 57 7
134 w 58 7
135 w 59 7
136 w 60 7
