1 m 1 1
2 m 2 1
3 m 3 1
4 m 4 1
5 m 5 1
6 m 6 1
7 m 7 1
8 m 8 1
9 m 9 1
10 m 10 1
11 m 11 1
12 m 12 1
13 m 13 1
14 m 14 1
15 m 15 1
16 m 16 1
17 m 17 1
18 m 18 1
19 m 19 1
20 m 20 1
21 m 21 1
22 m 22 1
23 m 23 1
24 m 24 1
25 m 25 1
26 m 26 1
27 m 27 1
28 m 28 1
29 m 29 1
30 m 30 1
31 m 31 1
32 m 32 1
33 m 33 1
34 m 34 1
35 m 35 1
36 m 36 1
37 m 37 1
38 m 38 1
39 m 39 1
40 m 40 1
41 m 41 1
42 m 42 1
43 m 43 1
44 m 44 1
45 m 45 1
46 m 46 1
47 m 47 1
48 m 48 1
49 m 49 1
50 m 50 1
51 m 51 1
52 m 52 1
53 m 53 1
54 m 54 1
55 m 55 1
56 m 56 1
57 m 57 1
58 m 58 1
59 m 59 1
60 m 60 1
61 m 61 1
62 m 62 1
63 m 63 1
64 m 64 1
65 m 65 1
66 m 66 1
67 m 67 1
68 m 68 1
69 m 69 1
70 m 70 1
71 m 71 1
72 m 72 1
73 m 73 1
74 m 74 1
75 m 75 1
76 m 76 1
77 w 1 1
78 w 2 1
79 w 3 1
80 w 4 1
81 w 5 1
83 w 7 1
84 w 8 1
85 w 9 1
86 w 10 1
87 w 11 1
88 w 12 1
89 w 13 1
90 w 14 1
91 w 15 1
92 w 16 1
93 w 17 1
94 w 18 1
95 w 19 1
96 w 20 1
97 w 21 1
98 w 22 1
99 w 23 1
100 w 24 1
101 w 25 1
102 w 26 1
103 w 27 1
104 w 28 1
105 w 29 1
106 w 30 1
107 w 31 1
108 w 32 1
109 w 33 1
110 w 34 1
111 w 35 1
112 w 36 1
113 w 37 1
114 w 38 1
115 w 39 1
116 w 40 1
117 w 41 1
118 w 42 1
119 w 43 1
120 w 44 1
121 w 45 1
122 w 46 1
123 w 47 1
124 w 48 1
125 w 49 1
126 w 50 1
127 w 51 1
128 w 52 1
129 w 53 1
130 w 54 1
131 w 55 1
132 w 56 1
133 w 57 1
134 w 58 1
135 w 59 1
136 w 60 1
