00001.ppm;90;456;139;505
00001.ppm;287;389;339;441
00001.ppm;1075;606;1090;621
00002.ppm;444;544;472;572
00003.ppm;365;448;414;497
00005.ppm;169;513;203;547
00005.ppm;846;502;880;536
00005.ppm;849;505;877;533
00005.ppm;849;505;877;533
00006.ppm;453;540;467;554
00009.ppm;312;515;340;543
00009.ppm;811;509;839;537
00009.ppm;314;517;338;541
00009.ppm;813;512;837;536
00009.ppm;1207;308;1243;344
00009.ppm;312;520;336;544
00010.ppm;916;554;936;574
00010.ppm;1322;388;1352;418
00010.ppm;917;556;933;572
00010.ppm;1174;450;1199;475
00011.ppm;838;488;872;522
00011.ppm;843;524;871;552
00011.ppm;840;491;868;519
00012.ppm;1260;442;1276;458
00013.ppm;1132;563;1166;597
00013.ppm;481;549;509;577
00013.ppm;1135;566;1163;594
00013.ppm;1134;566;1162;594
00014.ppm;1037;409;1071;443
00015.ppm;884;570;916;602
00015.ppm;387;573;414;600
00015.ppm;388;574;410;596
00015.ppm;387;572;412;597
00017.ppm;442;511;483;552
00017.ppm;835;481;853;499
00020.ppm;865;430;889;454
00021.ppm;782;445;806;469
00021.ppm;785;448;805;468
00022.ppm;1205;481;1247;523
00023.ppm;979;381;1028;430
00024.ppm;820;465;844;489
00025.ppm;1040;382;1099;441
00025.ppm;1045;387;1094;436
00025.ppm;1313;538;1347;572
00026.ppm;855;442;896;483
00026.ppm;862;410;890;438
00029.ppm;1239;359;1265;385
00030.ppm;1224;321;1283;380
00030.ppm;1220;314;1287;381
00030.ppm;1223;316;1279;372
00031.ppm;798;480;832;514
00031.ppm;801;482;829;510
00032.ppm;104;382;145;423
00034.ppm;528;373;569;414
00035.ppm;825;423;866;464
00038.ppm;915;378;949;412
00040.ppm;1110;359;1169;418
00045.ppm;1037;314;1086;363
00045.ppm;1294;472;1328;506
00046.ppm;869;502;903;536
00046.ppm;820;418;849;447
00047.ppm;655;416;690;451
00049.ppm;523;488;543;508
00051.ppm;802;406;851;455
00051.ppm;805;410;846;451
00052.ppm;161;465;220;524
00052.ppm;178;414;212;448
00052.ppm;352;503;380;531
00054.ppm;451;476;475;500
00055.ppm;857;481;906;530
00056.ppm;575;464;599;488
00057.ppm;995;404;1023;432
00059.ppm;996;434;1030;468
00060.ppm;944;424;978;458
00061.ppm;1142;403;1166;427
00062.ppm;1165;182;1219;236
00062.ppm;201;544;227;570
00063.ppm;1123;366;1139;382
00064.ppm;850;439;878;467
00065.ppm;503;418;531;446
00065.ppm;559;474;575;490
00067.ppm;738;446;762;470
00067.ppm;740;448;760;468
00067.ppm;740;449;760;469
00068.ppm;1093;264;1163;334
00069.ppm;899;395;948;444
00069.ppm;902;399;943;440
00069.ppm;316;496;344;524
00070.ppm;1001;310;1060;369
00071.ppm;851;398;879;426
00074.ppm;716;371;750;405
00074.ppm;719;375;747;403
00075.ppm;1007;417;1041;451
00080.ppm;906;401;947;442
00080.ppm;991;606;1019;634
00080.ppm;501;496;529;524
00080.ppm;1067;461;1103;497
00081.ppm;820;435;844;459
00083.ppm;388;454;412;478
00083.ppm;891;451;915;475
00085.ppm;993;504;1029;540
00086.ppm;374;434;415;475
00086.ppm;377;438;411;472
00086.ppm;380;442;408;470
00086.ppm;381;441;409;469
00090.ppm;775;506;799;530
00091.ppm;469;492;489;512
00091.ppm;885;493;905;513
00091.ppm;885;494;905;514
00091.ppm;471;493;487;509
00091.ppm;887;496;903;512
00091.ppm;888;498;903;513
00092.ppm;1051;355;1092;396
00093.ppm;986;387;1020;421
00098.ppm;739;416;763;440
00099.ppm;729;417;753;441
00101.ppm;1045;399;1086;440
00103.ppm;1004;364;1038;398
00104.ppm;768;414;792;438
00105.ppm;955;344;989;378
00106.ppm;868;374;896;402
00107.ppm;911;387;939;415
00110.ppm;1089;208;1159;278
00112.ppm;934;363;983;412
00114.ppm;795;319;829;353
00116.ppm;823;341;864;382
00117.ppm;835;435;859;459
00117.ppm;837;438;857;458
00119.ppm;933;392;967;426
00119.ppm;936;396;964;424
00119.ppm;1283;468;1312;497
00120.ppm;738;432;754;448
00121.ppm;1061;506;1089;534
00123.ppm;695;425;715;445
00124.ppm;150;405;184;439
00125.ppm;906;523;965;582
00126.ppm;445;534;469;558
00129.ppm;538;492;566;520
00130.ppm;470;445;511;486
00130.ppm;1053;520;1081;548
00130.ppm;1056;520;1080;544
00133.ppm;507;427;541;461
00133.ppm;936;524;964;552
00133.ppm;511;431;539;459
00133.ppm;938;525;962;549
00133.ppm;940;525;967;552
00133.ppm;939;525;961;547
00134.ppm;1095;454;1165;524
00134.ppm;1100;460;1159;519
00134.ppm;1104;461;1166;523
00138.ppm;255;450;289;484
00138.ppm;444;477;471;504
00140.ppm;1163;511;1212;560
00140.ppm;492;515;533;556
00140.ppm;1168;515;1209;556
00140.ppm;1168;515;1209;556
00140.ppm;495;519;529;553
00140.ppm;1168;515;1211;558
00141.ppm;971;557;995;581
00141.ppm;443;561;467;585
00141.ppm;976;558;1000;582
00142.ppm;336;565;364;593
00142.ppm;336;566;364;594
00142.ppm;962;556;990;584
00142.ppm;966;559;990;583
00146.ppm;235;513;284;562
00146.ppm;1140;533;1189;582
00146.ppm;1144;537;1185;578
00146.ppm;238;472;279;513
00146.ppm;1137;495;1178;536
00146.ppm;1141;499;1172;530
00148.ppm;362;268;392;298
00149.ppm;1152;547;1202;597
00149.ppm;304;554;345;595
00149.ppm;303;553;345;595
00149.ppm;1160;554;1194;588
00152.ppm;939;455;973;489
00153.ppm;1017;494;1058;535
00153.ppm;515;406;560;451
00155.ppm;855;522;879;546
00155.ppm;854;522;878;546
00155.ppm;697;407;712;422
00156.ppm;882;568;896;582
00157.ppm;1029;475;1058;504
00157.ppm;1188;480;1214;506
00157.ppm;391;394;405;408
00158.ppm;375;546;409;580
00158.ppm;985;552;1019;586
00158.ppm;374;515;408;549
00158.ppm;980;521;1014;555
00158.ppm;380;549;408;577
00158.ppm;985;555;1013;583
00158.ppm;376;518;404;546
00158.ppm;982;524;1010;552
00158.ppm;986;526;1010;550
00158.ppm;986;527;1010;551
00158.ppm;377;519;404;546
00158.ppm;1093;511;1109;527
00159.ppm;165;496;230;561
00160.ppm;586;560;618;592
00160.ppm;1020;564;1052;596
00160.ppm;592;539;616;563
00160.ppm;1024;544;1048;568
00160.ppm;1024;569;1046;591
00160.ppm;1025;566;1049;590
00160.ppm;596;543;614;561
00160.ppm;1027;549;1043;565
00160.ppm;1027;547;1046;566
00161.ppm;555;462;570;477
00163.ppm;986;530;1038;582
00163.ppm;978;287;1002;311
00163.ppm;481;474;501;494
00163.ppm;1147;484;1163;500
00164.ppm;333;495;367;529
00166.ppm;256;499;290;533
00166.ppm;261;337;281;357
00167.ppm;1113;186;1175;248
00170.ppm;132;510;160;538
00171.ppm;228;450;252;474
00173.ppm;878;515;902;539
00174.ppm;1047;501;1096;550
00174.ppm;931;518;959;546
00174.ppm;994;480;1018;504
00175.ppm;886;485;927;526
00175.ppm;890;490;924;524
00176.ppm;859;505;893;539
00176.ppm;863;508;891;536
00176.ppm;567;394;581;408
00177.ppm;633;582;682;631
00177.ppm;834;528;854;548
00177.ppm;953;498;973;518
00178.ppm;287;517;315;545
00178.ppm;279;527;303;551
00180.ppm;384;561;443;620
00180.ppm;1174;581;1223;630
00180.ppm;1174;580;1223;629
00180.ppm;971;457;991;477
00183.ppm;1310;472;1345;507
00185.ppm;331;192;362;223
00188.ppm;1065;450;1108;493
00188.ppm;1040;533;1060;553
00188.ppm;975;478;995;498
00188.ppm;1017;520;1037;540
00189.ppm;1027;482;1051;506
00189.ppm;1028;484;1050;506
00189.ppm;1043;512;1064;533
00189.ppm;1034;487;1048;501
00190.ppm;882;428;918;464
00191.ppm;987;415;1057;485
00191.ppm;993;422;1052;481
00193.ppm;704;442;820;558
00193.ppm;984;517;1018;551
00194.ppm;835;441;936;542
00194.ppm;357;170;398;211
00194.ppm;1028;518;1062;552
00194.ppm;180;564;208;592
00195.ppm;379;538;399;558
00197.ppm;919;478;934;493
00198.ppm;788;548;804;564
00200.ppm;994;438;1022;466
00202.ppm;620;273;679;332
00202.ppm;436;396;479;439
00202.ppm;440;479;476;515
00202.ppm;297;487;317;507
00202.ppm;443;479;473;509
00203.ppm;775;326;834;385
00203.ppm;778;239;827;288
00203.ppm;777;240;826;289
00203.ppm;193;530;225;562
00204.ppm;113;555;147;589
00204.ppm;176;598;194;616
00204.ppm;279;399;297;417
00205.ppm;1112;414;1155;457
00205.ppm;892;500;928;536
00205.ppm;1259;532;1281;554
00205.ppm;1184;466;1202;484
00205.ppm;1262;536;1281;555
00205.ppm;1184;467;1199;482
00205.ppm;1185;468;1199;482
00206.ppm;809;410;829;430
00206.ppm;1275;437;1291;453
00207.ppm;1308;558;1333;583
00208.ppm;854;462;889;497
00210.ppm;1304;162;1335;193
00213.ppm;1026;238;1071;283
00213.ppm;974;525;994;545
00214.ppm;396;587;448;639
00214.ppm;864;533;892;561
00214.ppm;864;524;900;560
00214.ppm;1318;585;1342;609
00214.ppm;1315;581;1345;611
00215.ppm;1227;467;1279;519
00215.ppm;846;522;870;546
00215.ppm;521;481;551;511
00215.ppm;1248;333;1270;355
00215.ppm;421;592;442;613
00216.ppm;357;386;406;435
00218.ppm;323;471;357;505
00218.ppm;1072;515;1092;535
00221.ppm;996;446;1024;474
00221.ppm;858;444;882;468
00221.ppm;335;444;355;464
00221.ppm;860;446;880;466
00221.ppm;336;444;356;464
00221.ppm;863;448;879;464
00222.ppm;396;464;435;503
00222.ppm;1122;551;1146;575
00224.ppm;1004;463;1066;525
00224.ppm;819;508;855;544
00225.ppm;1082;380;1106;404
00225.ppm;1085;382;1105;402
00226.ppm;1234;618;1265;649
00226.ppm;820;450;844;474
00226.ppm;1069;515;1085;531
00228.ppm;1310;425;1337;452
00228.ppm;100;368;130;398
00229.ppm;552;400;576;424
00229.ppm;554;401;574;421
00231.ppm;977;374;1011;408
00232.ppm;1114;543;1135;564
00233.ppm;779;334;820;375
00233.ppm;782;339;816;373
00234.ppm;1131;272;1180;321
00234.ppm;1132;271;1181;320
00238.ppm;443;419;471;447
00238.ppm;443;418;471;446
00238.ppm;1068;383;1096;411
00238.ppm;1070;386;1094;410
00238.ppm;445;421;469;445
00238.ppm;1072;388;1092;408
00239.ppm;307;411;348;452
00239.ppm;1237;347;1278;388
00239.ppm;307;371;341;405
00239.ppm;1239;305;1273;339
00240.ppm;1227;457;1251;481
00240.ppm;1002;485;1032;515
00241.ppm;1063;377;1117;431
00241.ppm;1262;536;1303;577
00241.ppm;318;536;354;572
00242.ppm;505;477;525;497
00243.ppm;240;492;264;516
00243.ppm;333;493;349;509
00243.ppm;508;463;523;478
00244.ppm;1315;496;1349;530
00246.ppm;375;384;409;418
00246.ppm;1093;350;1127;384
00246.ppm;1093;350;1127;384
00246.ppm;378;386;406;414
00246.ppm;1096;353;1124;381
00246.ppm;1094;350;1130;386
00246.ppm;380;390;404;414
00246.ppm;1184;562;1201;579
00246.ppm;949;459;963;473
00247.ppm;1138;390;1207;459
00247.ppm;1130;398;1209;477
00247.ppm;1150;409;1166;425
00248.ppm;930;144;979;193
00248.ppm;947;349;981;383
00248.ppm;530;455;549;474
00250.ppm;354;503;382;531
00250.ppm;975;376;1003;404
00250.ppm;1193;509;1217;533
00250.ppm;977;378;1001;402
00250.ppm;1193;510;1217;534
00251.ppm;1099;320;1140;361
00252.ppm;1112;491;1162;541
00254.ppm;1191;261;1250;320
00257.ppm;902;557;917;572
00258.ppm;447;356;467;376
00260.ppm;1089;153;1159;223
00262.ppm;283;422;367;506
00262.ppm;289;428;359;498
00262.ppm;296;434;355;493
00262.ppm;857;434;916;493
00262.ppm;290;430;350;490
00262.ppm;291;426;358;493
00264.ppm;815;486;839;510
00264.ppm;815;485;839;509
00265.ppm;55;545;83;573
00266.ppm;1007;399;1033;425
00266.ppm;1003;401;1027;425
00268.ppm;677;407;692;422
00268.ppm;730;402;744;416
00270.ppm;227;384;265;422
00270.ppm;945;475;973;503
00270.ppm;569;457;589;477
00270.ppm;1030;441;1050;461
00270.ppm;1029;441;1049;461
00270.ppm;1032;443;1048;459
00270.ppm;1032;444;1048;460
00270.ppm;1033;445;1047;459
00271.ppm;373;405;414;446
00271.ppm;1275;386;1309;420
00271.ppm;379;413;407;441
00271.ppm;379;413;407;441
00271.ppm;371;406;407;442
00272.ppm;938;408;972;442
00272.ppm;321;421;349;449
00272.ppm;320;420;348;448
00272.ppm;941;411;969;439
00272.ppm;319;420;348;449
00273.ppm;1296;476;1334;514
00274.ppm;939;510;965;536
00276.ppm;466;470;490;494
00276.ppm;776;478;796;498
00276.ppm;468;472;488;492
00276.ppm;776;478;796;498
00278.ppm;979;505;1033;559
00279.ppm;297;530;346;579
00279.ppm;984;500;1038;554
00281.ppm;1131;562;1165;596
00281.ppm;482;550;510;578
00281.ppm;1134;565;1162;593
00281.ppm;1134;566;1162;594
00281.ppm;484;552;508;576
00282.ppm;251;551;310;610
00282.ppm;256;567;284;595
00284.ppm;850;512;888;550
00284.ppm;855;478;889;512
00284.ppm;857;481;885;509
00284.ppm;1015;488;1046;519
00286.ppm;817;540;841;564
00286.ppm;814;517;838;541
00286.ppm;1321;387;1357;423
00286.ppm;816;519;836;539
00286.ppm;816;519;836;539
00286.ppm;1233;427;1260;454
00286.ppm;1293;435;1313;455
00286.ppm;1126;486;1142;502
00286.ppm;1080;483;1094;497
00288.ppm;994;319;1048;373
00288.ppm;966;458;994;486
00288.ppm;959;433;998;472
00288.ppm;1019;462;1039;482
00289.ppm;691;532;711;552
00291.ppm;1171;512;1205;546
00291.ppm;966;474;986;494
00291.ppm;475;559;491;575
00291.ppm;748;553;764;569
00291.ppm;748;553;764;569
00291.ppm;838;449;854;465
00291.ppm;750;554;764;568
00292.ppm;130;347;154;371
00292.ppm;364;396;378;410
00293.ppm;1205;576;1230;601
00294.ppm;1095;532;1129;566
00294.ppm;385;525;419;559
00294.ppm;1095;532;1129;566
00294.ppm;389;527;417;555
00294.ppm;388;527;416;555
00294.ppm;390;529;414;553
00294.ppm;393;531;413;551
00295.ppm;970;421;1011;462
00295.ppm;198;489;232;523
00295.ppm;199;488;233;522
00295.ppm;973;425;1007;459
00298.ppm;816;509;850;543
00298.ppm;325;507;353;535
00298.ppm;324;507;352;535
00298.ppm;326;509;350;533
00298.ppm;327;503;349;525
