00001.ppm;90;455;139;504
00001.ppm;1076;606;1090;620
00002.ppm;448;548;472;572
00003.ppm;366;448;415;497
00005.ppm;169;513;203;547
00005.ppm;846;502;880;536
00005.ppm;849;505;877;533
00005.ppm;849;505;877;533
00006.ppm;453;540;467;554
00009.ppm;312;515;340;543
00009.ppm;811;509;839;537
00009.ppm;314;517;338;541
00009.ppm;813;512;837;536
00010.ppm;916;554;936;574
00010.ppm;1325;388;1355;418
00010.ppm;918;556;934;572
00010.ppm;1219;456;1239;476
00010.ppm;1176;447;1201;472
00010.ppm;1225;428;1250;453
00010.ppm;1235;420;1253;438
00010.ppm;1116;456;1137;477
00010.ppm;1131;477;1146;492
00011.ppm;843;524;871;552
00011.ppm;840;491;868;519
00011.ppm;1316;406;1352;442
00011.ppm;1271;458;1301;488
00011.ppm;1240;351;1270;381
00012.ppm;1260;442;1276;458
00013.ppm;1132;563;1166;597
00013.ppm;482;549;510;577
00013.ppm;1135;566;1163;594
00013.ppm;1134;566;1162;594
00015.ppm;890;569;917;596
00015.ppm;388;573;412;597
00015.ppm;386;572;411;597
00017.ppm;827;475;852;500
00020.ppm;865;430;889;454
00021.ppm;782;445;806;469
00021.ppm;785;448;805;468
00023.ppm;979;381;1028;430
00024.ppm;822;466;842;486
00025.ppm;1040;382;1099;441
00025.ppm;1041;382;1100;441
00026.ppm;855;442;896;483
00026.ppm;862;410;890;438
00029.ppm;1237;358;1261;382
00030.ppm;1224;321;1283;380
00031.ppm;798;480;832;514
00031.ppm;801;481;829;509
00032.ppm;104;383;145;424
00034.ppm;528;372;569;413
00035.ppm;825;423;866;464
00038.ppm;915;378;949;412
00040.ppm;1110;359;1169;418
00045.ppm;1036;314;1085;363
00045.ppm;1038;314;1083;359
00046.ppm;823;419;849;445
00047.ppm;664;415;699;450
00051.ppm;801;406;850;455
00051.ppm;805;410;846;451
00051.ppm;805;410;846;451
00054.ppm;451;476;475;500
00054.ppm;1330;357;1360;387
00056.ppm;577;466;597;486
00057.ppm;991;401;1025;435
00057.ppm;995;404;1023;432
00059.ppm;999;437;1027;465
00060.ppm;944;424;978;458
00060.ppm;947;427;975;455
00061.ppm;1142;403;1166;427
00062.ppm;1154;186;1203;235
00063.ppm;1123;366;1139;382
00064.ppm;851;439;879;467
00065.ppm;559;474;575;490
00067.ppm;740;449;760;469
00068.ppm;1093;262;1163;332
00069.ppm;899;394;948;443
00069.ppm;902;399;943;440
00070.ppm;1001;311;1060;370
00071.ppm;851;398;879;426
00074.ppm;719;374;747;402
00080.ppm;906;401;947;442
00080.ppm;991;606;1019;634
00081.ppm;822;438;842;458
00083.ppm;388;457;408;477
00083.ppm;891;453;911;473
00083.ppm;892;453;912;473
00086.ppm;380;442;408;470
00086.ppm;381;441;409;469
00090.ppm;778;508;798;528
00091.ppm;469;492;489;512
00091.ppm;885;493;905;513
00091.ppm;471;493;487;509
00091.ppm;887;496;903;512
00091.ppm;886;497;901;512
00092.ppm;1051;355;1092;396
00093.ppm;986;387;1020;421
00093.ppm;989;391;1017;419
00096.ppm;296;658;322;684
00096.ppm;307;647;337;677
00098.ppm;739;416;763;440
00099.ppm;729;417;753;441
00101.ppm;1044;399;1085;440
00103.ppm;1004;364;1038;398
00104.ppm;768;414;792;438
00105.ppm;958;348;986;376
00106.ppm;867;374;895;402
00107.ppm;911;387;939;415
00110.ppm;1089;208;1159;278
00112.ppm;934;363;983;412
00114.ppm;785;315;826;356
00116.ppm;824;341;865;382
00117.ppm;837;438;857;458
00119.ppm;933;392;967;426
00119.ppm;936;396;964;424
00119.ppm;1286;470;1310;494
00120.ppm;738;432;754;448
00123.ppm;695;425;715;445
00129.ppm;538;492;566;520
00130.ppm;470;445;511;486
00130.ppm;1171;26;1212;67
00130.ppm;1055;521;1079;545
00133.ppm;511;431;539;459
00133.ppm;938;526;962;550
00133.ppm;937;524;967;554
00133.ppm;939;525;963;549
00134.ppm;1090;454;1160;524
00134.ppm;1100;460;1159;519
00140.ppm;1163;511;1212;560
00140.ppm;492;515;533;556
00140.ppm;1168;515;1209;556
00140.ppm;1168;515;1209;556
00140.ppm;495;519;529;553
00141.ppm;971;557;995;581
00141.ppm;443;561;467;585
00141.ppm;976;558;1000;582
00142.ppm;963;557;991;585
00142.ppm;336;566;364;594
00142.ppm;962;556;990;584
00142.ppm;966;559;990;583
00142.ppm;1203;278;1225;300
00145.ppm;461;674;523;736
00146.ppm;240;513;289;562
00146.ppm;1144;537;1185;578
00146.ppm;237;472;278;513
00146.ppm;1137;495;1178;536
00146.ppm;1138;501;1169;532
00148.ppm;360;268;390;298
00149.ppm;1153;545;1202;594
00149.ppm;304;553;345;594
00149.ppm;304;554;345;595
00152.ppm;939;455;973;489
00153.ppm;831;207;861;237
00155.ppm;855;522;879;546
00155.ppm;854;522;878;546
00155.ppm;698;407;713;422
00156.ppm;882;568;896;582
00157.ppm;211;656;228;673
00157.ppm;392;394;406;408
00158.ppm;380;549;408;577
00158.ppm;985;555;1013;583
00158.ppm;376;518;404;546
00158.ppm;982;524;1010;552
00158.ppm;986;526;1010;550
00158.ppm;986;527;1010;551
00158.ppm;1091;508;1111;528
00160.ppm;592;539;616;563
00160.ppm;1024;544;1048;568
00160.ppm;589;557;619;587
00160.ppm;1024;569;1046;591
00160.ppm;589;559;619;589
00160.ppm;1021;565;1048;592
00160.ppm;596;543;614;561
00160.ppm;1027;549;1043;565
00160.ppm;1026;547;1045;566
00161.ppm;555;462;570;477
00163.ppm;978;287;1002;311
00163.ppm;1147;483;1163;499
00166.ppm;256;499;290;533
00166.ppm;261;337;281;357
00167.ppm;1120;192;1170;242
00171.ppm;228;449;252;473
00173.ppm;880;517;900;537
00174.ppm;930;518;958;546
00174.ppm;933;520;957;544
00175.ppm;886;485;927;526
00176.ppm;865;510;889;534
00176.ppm;567;394;581;408
00177.ppm;633;582;682;631
00177.ppm;834;528;854;548
00180.ppm;383;561;442;620
00180.ppm;1174;581;1223;630
00180.ppm;1174;580;1223;629
00180.ppm;971;457;991;477
00183.ppm;1304;467;1347;510
00185.ppm;323;187;366;230
00188.ppm;950;622;980;652
00188.ppm;1018;522;1036;540
00188.ppm;1262;485;1279;502
00189.ppm;1030;485;1048;503
00189.ppm;1043;512;1064;533
00189.ppm;1032;483;1051;502
00191.ppm;987;415;1057;485
00191.ppm;994;422;1053;481
00191.ppm;724;365;738;379
00193.ppm;705;444;821;560
00194.ppm;837;443;938;544
00194.ppm;356;172;397;213
00194.ppm;180;564;208;592
00197.ppm;920;478;934;492
00198.ppm;787;549;802;564
00202.ppm;620;272;679;331
00202.ppm;443;479;473;509
00202.ppm;438;489;456;507
00202.ppm;437;404;462;429
00203.ppm;775;326;834;385
00203.ppm;778;239;827;288
00203.ppm;778;240;827;289
00204.ppm;113;554;147;588
00204.ppm;826;649;856;679
00204.ppm;177;598;195;616
00204.ppm;176;598;195;617
00205.ppm;1169;625;1205;661
00205.ppm;1183;464;1203;484
00205.ppm;1263;537;1280;554
00205.ppm;1183;464;1202;483
00205.ppm;1183;468;1198;483
00206.ppm;809;410;829;430
00206.ppm;1276;437;1292;453
00210.ppm;1305;160;1336;191
00212.ppm;752;320;788;356
00213.ppm;1014;231;1076;293
00214.ppm;396;582;450;636
00214.ppm;402;589;440;627
00214.ppm;1316;583;1343;610
00215.ppm;1243;314;1267;338
00217.ppm;1222;132;1267;177
00219.ppm;851;252;880;281
00221.ppm;334;444;354;464
00221.ppm;860;446;880;466
00221.ppm;337;446;355;464
00221.ppm;863;448;879;464
00224.ppm;790;377;897;484
00225.ppm;1082;380;1106;404
00225.ppm;1085;382;1105;402
00226.ppm;1235;619;1266;650
00226.ppm;820;450;844;474
00226.ppm;1068;515;1084;531
00228.ppm;1310;424;1334;448
00229.ppm;554;401;574;421
00231.ppm;977;374;1011;408
00231.ppm;901;254;931;284
00232.ppm;1113;542;1134;563
00233.ppm;779;334;820;375
00233.ppm;782;339;816;373
00234.ppm;1131;272;1180;321
00234.ppm;1131;271;1180;320
00238.ppm;1070;386;1094;410
00238.ppm;445;421;469;445
00238.ppm;1071;385;1095;409
00238.ppm;1072;388;1092;408
00239.ppm;306;411;347;452
00239.ppm;1236;347;1277;388
00239.ppm;307;371;341;405
00239.ppm;1238;303;1272;337
00240.ppm;1227;456;1251;480
00243.ppm;241;492;265;516
00243.ppm;333;493;349;509
00243.ppm;508;463;523;478
00246.ppm;378;386;406;414
00246.ppm;1096;353;1124;381
00246.ppm;1091;350;1127;386
00246.ppm;1182;561;1201;580
00246.ppm;949;459;963;473
00247.ppm;1315;530;1356;571
00247.ppm;1150;409;1166;425
00248.ppm;523;433;583;493
00248.ppm;930;144;979;193
00248.ppm;947;349;981;383
00248.ppm;531;456;548;473
00250.ppm;975;376;1003;404
00250.ppm;1193;509;1217;533
00250.ppm;1195;512;1219;536
00251.ppm;1121;729;1188;796
00251.ppm;1095;315;1144;364
00251.ppm;1099;320;1140;361
00254.ppm;1191;261;1250;320
00254.ppm;1297;651;1313;667
00257.ppm;901;554;920;573
00260.ppm;1089;153;1159;223
00262.ppm;283;422;367;506
00262.ppm;289;428;359;498
00262.ppm;296;435;355;494
00262.ppm;857;434;916;493
00262.ppm;289;434;349;494
00266.ppm;1004;399;1030;425
00267.ppm;1124;179;1166;221
00268.ppm;677;403;696;422
00268.ppm;730;402;744;416
00270.ppm;1030;441;1050;461
00270.ppm;572;459;588;475
00270.ppm;1032;443;1048;459
00270.ppm;1032;444;1048;460
00270.ppm;1033;445;1047;459
00271.ppm;1275;386;1309;420
00271.ppm;379;413;407;441
00271.ppm;379;413;407;441
00271.ppm;1278;387;1306;415
00272.ppm;938;408;972;442
00272.ppm;321;420;349;448
00272.ppm;941;411;969;439
00276.ppm;468;472;488;492
00276.ppm;778;480;794;496
00279.ppm;981;500;1035;554
00281.ppm;1131;562;1165;596
00281.ppm;482;550;510;578
00281.ppm;1134;565;1162;593
00281.ppm;1134;566;1162;594
00281.ppm;484;552;508;576
00282.ppm;251;551;310;610
00282.ppm;256;567;284;595
00284.ppm;851;508;894;551
00284.ppm;857;481;885;509
00286.ppm;817;540;841;564
00286.ppm;814;517;838;541
00286.ppm;817;542;839;564
00286.ppm;816;519;836;539
00286.ppm;816;519;836;539
00286.ppm;1228;424;1258;454
00286.ppm;1265;392;1289;416
00286.ppm;1260;319;1287;346
00286.ppm;1126;486;1142;502
00286.ppm;1080;483;1094;497
00288.ppm;998;320;1047;369
00288.ppm;145;250;169;274
00288.ppm;1022;463;1040;481
00289.ppm;691;532;711;552
00290.ppm;1176;489;1193;506
00291.ppm;748;553;764;569
00291.ppm;838;449;854;465
00291.ppm;476;559;490;573
00291.ppm;749;554;763;568
00291.ppm;1027;424;1048;445
00292.ppm;131;347;155;371
00292.ppm;1184;262;1211;289
00292.ppm;364;396;378;410
00293.ppm;1208;579;1230;601
00293.ppm;221;483;240;502
00294.ppm;1095;532;1129;566
00294.ppm;389;527;417;555
00294.ppm;388;528;416;556
00294.ppm;390;529;414;553
00295.ppm;195;485;236;526
00295.ppm;970;422;1011;463
00295.ppm;973;425;1007;459
00296.ppm;763;356;783;376
00298.ppm;816;509;850;543
00298.ppm;324;507;352;535
00298.ppm;819;513;847;541
00298.ppm;821;515;845;539
