00001.ppm;90;456;139;505
00001.ppm;1075;606;1090;621
00002.ppm;447;548;471;572
00003.ppm;366;448;415;497
00005.ppm;169;513;203;547
00005.ppm;846;501;880;535
00005.ppm;849;505;877;533
00005.ppm;849;505;877;533
00006.ppm;453;540;467;554
00009.ppm;312;515;340;543
00009.ppm;811;509;839;537
00009.ppm;813;512;837;536
00010.ppm;916;554;936;574
00010.ppm;1260;406;1287;433
00010.ppm;918;556;934;572
00010.ppm;1178;449;1200;471
00010.ppm;1230;431;1246;447
00010.ppm;1234;420;1254;440
00011.ppm;842;524;870;552
00011.ppm;840;491;868;519
00011.ppm;1265;457;1295;487
00011.ppm;1260;318;1284;342
00012.ppm;1260;442;1276;458
00013.ppm;1132;563;1166;597
00013.ppm;481;549;509;577
00013.ppm;1135;566;1163;594
00013.ppm;1134;566;1162;594
00015.ppm;887;571;916;600
00015.ppm;388;573;412;597
00015.ppm;388;574;410;596
00017.ppm;833;480;853;500
00020.ppm;865;430;889;454
00021.ppm;782;445;806;469
00021.ppm;785;448;805;468
00023.ppm;979;381;1028;430
00024.ppm;822;466;842;486
00025.ppm;1040;382;1099;441
00025.ppm;1041;382;1100;441
00026.ppm;855;442;896;483
00026.ppm;862;410;890;438
00029.ppm;1237;358;1261;382
00030.ppm;1224;322;1283;381
00031.ppm;801;481;829;509
00032.ppm;104;383;145;424
00034.ppm;528;373;569;414
00035.ppm;825;423;866;464
00038.ppm;915;378;949;412
00040.ppm;1110;359;1169;418
00045.ppm;1037;314;1086;363
00045.ppm;1041;309;1091;359
00046.ppm;820;417;849;446
00047.ppm;656;412;695;451
00051.ppm;802;406;851;455
00051.ppm;805;410;846;451
00051.ppm;805;410;846;451
00054.ppm;451;477;475;501
00054.ppm;1331;358;1355;382
00056.ppm;577;466;597;486
00057.ppm;1258;82;1310;134
00057.ppm;996;404;1024;432
00059.ppm;1000;437;1028;465
00060.ppm;944;424;978;458
00060.ppm;947;427;975;455
00061.ppm;1142;403;1166;427
00062.ppm;1154;183;1208;237
00063.ppm;1123;366;1139;382
00064.ppm;851;439;879;467
00065.ppm;559;474;575;490
00067.ppm;740;449;760;469
00068.ppm;1093;264;1163;334
00069.ppm;898;395;947;444
00069.ppm;902;399;943;440
00070.ppm;1001;309;1060;368
00071.ppm;851;397;879;425
00074.ppm;719;374;747;402
00080.ppm;906;400;947;441
00080.ppm;991;606;1019;634
00081.ppm;823;438;843;458
00083.ppm;388;457;408;477
00083.ppm;891;453;911;473
00083.ppm;892;453;912;473
00086.ppm;380;442;408;470
00086.ppm;381;442;409;470
00090.ppm;778;508;798;528
00091.ppm;469;492;489;512
00091.ppm;885;493;905;513
00091.ppm;471;493;487;509
00091.ppm;887;496;903;512
00091.ppm;887;497;902;512
00092.ppm;1051;355;1092;396
00093.ppm;986;387;1020;421
00093.ppm;989;391;1017;419
00096.ppm;293;660;329;696
00096.ppm;309;648;336;675
00098.ppm;739;416;763;440
00099.ppm;729;417;753;441
00101.ppm;1044;399;1085;440
00103.ppm;1004;364;1038;398
00104.ppm;768;414;792;438
00105.ppm;958;348;986;376
00106.ppm;868;374;896;402
00107.ppm;911;388;939;416
00110.ppm;1089;208;1159;278
00112.ppm;934;363;983;412
00114.ppm;785;315;826;356
00116.ppm;823;341;864;382
00117.ppm;837;438;857;458
00119.ppm;933;392;967;426
00119.ppm;936;396;964;424
00119.ppm;1285;469;1311;495
00120.ppm;738;432;754;448
00123.ppm;695;425;715;445
00129.ppm;538;493;566;521
00130.ppm;470;445;511;486
00130.ppm;1172;25;1213;66
00130.ppm;1056;520;1080;544
00133.ppm;511;431;539;459
00133.ppm;938;526;962;550
00133.ppm;937;524;967;554
00133.ppm;939;526;961;548
00134.ppm;1093;454;1163;524
00134.ppm;1100;460;1159;519
00140.ppm;1163;511;1212;560
00140.ppm;492;515;533;556
00140.ppm;1168;515;1209;556
00140.ppm;1168;515;1209;556
00140.ppm;495;519;529;553
00141.ppm;966;553;998;585
00141.ppm;443;561;467;585
00141.ppm;976;558;1000;582
00142.ppm;963;556;991;584
00142.ppm;336;566;364;594
00142.ppm;962;557;990;585
00142.ppm;340;567;369;596
00142.ppm;966;559;990;583
00142.ppm;1206;278;1226;298
00146.ppm;235;513;284;562
00146.ppm;1140;532;1189;581
00146.ppm;1144;537;1185;578
00146.ppm;237;472;278;513
00146.ppm;1138;494;1179;535
00146.ppm;1140;498;1175;533
00148.ppm;363;269;390;296
00149.ppm;1153;545;1202;594
00149.ppm;304;554;345;595
00149.ppm;304;554;345;595
00152.ppm;939;455;973;489
00155.ppm;854;522;878;546
00155.ppm;698;407;713;422
00156.ppm;882;568;896;582
00157.ppm;209;657;228;676
00157.ppm;391;394;405;408
00158.ppm;380;549;408;577
00158.ppm;987;555;1015;583
00158.ppm;376;518;404;546
00158.ppm;982;524;1010;552
00158.ppm;984;526;1008;550
00158.ppm;986;527;1010;551
00158.ppm;1093;510;1113;530
00160.ppm;589;562;615;588
00160.ppm;1021;565;1047;591
00160.ppm;592;539;616;563
00160.ppm;1024;544;1048;568
00160.ppm;1020;565;1050;595
00160.ppm;591;558;618;585
00160.ppm;1022;565;1049;592
00160.ppm;595;543;613;561
00160.ppm;1027;549;1043;565
00160.ppm;1025;548;1044;567
00161.ppm;555;460;572;477
00163.ppm;978;287;1002;311
00163.ppm;1147;484;1163;500
00166.ppm;256;498;290;532
00166.ppm;261;337;281;357
00167.ppm;1113;189;1175;251
00171.ppm;228;450;252;474
00173.ppm;880;516;900;536
00174.ppm;931;519;959;547
00174.ppm;933;520;957;544
00175.ppm;886;486;927;527
00176.ppm;865;510;889;534
00176.ppm;567;394;581;408
00177.ppm;633;582;682;631
00177.ppm;834;528;854;548
00180.ppm;383;561;442;620
00180.ppm;1174;581;1223;630
00180.ppm;1174;580;1223;629
00180.ppm;971;457;991;477
00181.ppm;542;152;604;214
00183.ppm;1313;488;1341;516
00185.ppm;329;192;360;223
00188.ppm;1018;520;1038;540
00188.ppm;1262;486;1279;503
00189.ppm;1028;484;1050;506
00189.ppm;1043;512;1064;533
00191.ppm;987;416;1057;486
00191.ppm;993;422;1052;481
00193.ppm;714;453;808;547
00194.ppm;835;440;936;541
00194.ppm;355;172;396;213
00194.ppm;180;564;208;592
00197.ppm;920;478;934;492
00198.ppm;789;549;803;563
00202.ppm;620;273;679;332
00202.ppm;438;487;456;505
00203.ppm;775;326;834;385
00203.ppm;778;239;827;288
00203.ppm;777;240;826;289
00204.ppm;113;554;147;588
00204.ppm;826;649;856;679
00204.ppm;175;598;195;618
00204.ppm;279;399;297;417
00205.ppm;1169;627;1205;663
00205.ppm;1184;465;1201;482
00205.ppm;1184;465;1201;482
00206.ppm;809;410;829;430
00206.ppm;1275;437;1291;453
00207.ppm;1308;558;1333;583
00210.ppm;1303;161;1334;192
00213.ppm;1024;237;1069;282
00214.ppm;395;579;449;633
00214.ppm;399;584;444;629
00214.ppm;1319;585;1341;607
00214.ppm;1319;581;1344;606
00215.ppm;1242;313;1268;339
00215.ppm;1247;332;1271;356
00215.ppm;420;593;441;614
00217.ppm;1025;466;1077;518
00219.ppm;852;252;878;278
00221.ppm;334;444;354;464
00221.ppm;860;446;880;466
00221.ppm;336;445;354;463
00221.ppm;863;448;879;464
00225.ppm;1082;380;1106;404
00225.ppm;1085;382;1105;402
00226.ppm;1234;616;1273;655
00226.ppm;820;450;844;474
00226.ppm;1068;515;1084;531
00228.ppm;1308;422;1338;452
00228.ppm;100;367;130;397
00229.ppm;554;401;574;421
00231.ppm;977;373;1011;407
00232.ppm;1114;543;1133;562
00233.ppm;779;334;820;375
00233.ppm;782;339;816;373
00234.ppm;1131;272;1180;321
00234.ppm;1131;271;1180;320
00234.ppm;1194;525;1211;542
00238.ppm;1070;386;1094;410
00238.ppm;445;421;469;445
00238.ppm;1071;385;1095;409
00238.ppm;1072;388;1092;408
00239.ppm;306;411;347;452
00239.ppm;1236;347;1277;388
00239.ppm;306;371;340;405
00239.ppm;1239;303;1273;337
00240.ppm;1227;457;1251;481
00243.ppm;241;492;265;516
00243.ppm;333;493;349;509
00243.ppm;508;458;527;477
00246.ppm;378;386;406;414
00246.ppm;1096;353;1124;381
00246.ppm;1095;353;1127;385
00246.ppm;1182;559;1203;580
00246.ppm;949;459;963;473
00247.ppm;1131;380;1208;457
00247.ppm;1149;408;1167;426
00248.ppm;523;432;583;492
00248.ppm;930;144;979;193
00248.ppm;947;349;981;383
00248.ppm;530;453;549;472
00250.ppm;975;376;1003;404
00250.ppm;1193;509;1217;533
00250.ppm;1192;509;1219;536
00251.ppm;1124;737;1184;797
00251.ppm;1095;315;1144;364
00251.ppm;1099;320;1140;361
00254.ppm;1191;261;1250;320
00254.ppm;1297;651;1313;667
00257.ppm;900;554;921;575
00258.ppm;444;353;469;378
00260.ppm;1089;153;1159;223
00262.ppm;283;421;367;505
00262.ppm;289;428;359;498
00262.ppm;296;435;355;494
00262.ppm;857;434;916;493
00262.ppm;294;439;354;499
00266.ppm;1002;396;1031;425
00267.ppm;1126;180;1164;218
00270.ppm;1030;441;1050;461
00270.ppm;571;459;587;475
00270.ppm;1032;443;1048;459
00270.ppm;1032;444;1048;460
00270.ppm;1032;445;1047;460
00271.ppm;1275;386;1309;420
00271.ppm;379;413;407;441
00271.ppm;379;413;407;441
00271.ppm;1278;387;1306;415
00272.ppm;938;407;972;441
00272.ppm;321;420;349;448
00272.ppm;941;411;969;439
00276.ppm;468;472;488;492
00276.ppm;778;480;794;496
00277.ppm;1317;652;1344;679
00279.ppm;980;497;1034;551
00281.ppm;1131;562;1165;596
00281.ppm;482;550;510;578
00281.ppm;1134;565;1162;593
00281.ppm;1134;566;1162;594
00281.ppm;484;552;508;576
00282.ppm;251;551;310;610
00282.ppm;256;567;284;595
00284.ppm;856;514;887;545
00284.ppm;857;481;885;509
00286.ppm;1320;384;1356;420
00286.ppm;815;540;837;562
00286.ppm;816;519;836;539
00286.ppm;816;519;836;539
00286.ppm;1234;427;1261;454
00286.ppm;1264;388;1291;415
00286.ppm;1126;486;1142;502
00286.ppm;1080;483;1094;497
00288.ppm;997;320;1046;369
00288.ppm;145;250;169;274
00288.ppm;1020;459;1041;480
00289.ppm;691;532;711;552
00291.ppm;748;553;764;569
00291.ppm;838;449;854;465
00291.ppm;476;560;490;574
00291.ppm;749;554;763;568
00291.ppm;1029;431;1046;448
00292.ppm;130;347;154;371
00292.ppm;1184;262;1211;289
00292.ppm;364;396;378;410
00293.ppm;1207;575;1232;600
00293.ppm;221;482;240;501
00294.ppm;1094;532;1128;566
00294.ppm;389;527;417;555
00294.ppm;388;528;416;556
00294.ppm;390;529;414;553
00295.ppm;195;485;236;526
00295.ppm;970;422;1011;463
00295.ppm;973;425;1007;459
00298.ppm;816;509;850;543
00298.ppm;325;507;353;535
00298.ppm;819;513;847;541
00298.ppm;821;515;845;539
