00001.ppm;90;455;139;504
00001.ppm;1076;606;1090;620
00002.ppm;448;548;472;572
00003.ppm;366;448;415;497
00005.ppm;169;513;203;547
00005.ppm;846;502;880;536
00005.ppm;849;505;877;533
00005.ppm;849;505;877;533
00006.ppm;453;540;467;554
00009.ppm;312;515;340;543
00009.ppm;811;509;839;537
00009.ppm;813;512;837;536
00010.ppm;1261;410;1285;434
00010.ppm;917;556;933;572
00010.ppm;1132;474;1149;491
00011.ppm;843;524;871;552
00011.ppm;840;491;868;519
00011.ppm;1256;315;1286;345
00013.ppm;1132;563;1166;597
00013.ppm;481;549;509;577
00013.ppm;1135;566;1163;594
00013.ppm;1134;566;1162;594
00015.ppm;885;569;915;599
00015.ppm;388;573;412;597
00017.ppm;834;480;854;500
00020.ppm;865;430;889;454
00021.ppm;782;445;806;469
00021.ppm;785;448;805;468
00023.ppm;979;381;1028;430
00024.ppm;822;467;842;487
00025.ppm;1040;382;1099;441
00025.ppm;1041;382;1100;441
00026.ppm;855;442;896;483
00026.ppm;862;410;890;438
00030.ppm;1224;322;1283;381
00031.ppm;801;482;829;510
00032.ppm;104;382;145;423
00034.ppm;528;373;569;414
00035.ppm;825;423;866;464
00038.ppm;915;378;949;412
00040.ppm;1110;359;1169;418
00045.ppm;1037;314;1086;363
00046.ppm;819;416;848;445
00047.ppm;660;413;699;452
00051.ppm;802;406;851;455
00051.ppm;805;410;846;451
00051.ppm;805;410;846;451
00054.ppm;451;477;475;501
00057.ppm;995;404;1023;432
00059.ppm;999;437;1027;465
00060.ppm;944;424;978;458
00060.ppm;947;427;975;455
00061.ppm;1142;404;1166;428
00061.ppm;1142;403;1166;427
00062.ppm;1154;187;1203;236
00063.ppm;1123;366;1139;382
00064.ppm;851;439;879;467
00065.ppm;559;474;575;490
00067.ppm;740;449;760;469
00068.ppm;1093;262;1163;332
00069.ppm;898;394;947;443
00069.ppm;902;399;943;440
00070.ppm;1001;309;1060;368
00071.ppm;851;397;879;425
00074.ppm;719;375;747;403
00080.ppm;906;400;947;441
00080.ppm;991;606;1019;634
00081.ppm;823;438;843;458
00083.ppm;388;457;408;477
00083.ppm;891;453;911;473
00083.ppm;892;453;912;473
00086.ppm;380;442;408;470
00086.ppm;381;442;409;470
00090.ppm;777;508;797;528
00091.ppm;469;492;489;512
00091.ppm;885;493;905;513
00091.ppm;471;493;487;509
00091.ppm;887;496;903;512
00091.ppm;887;495;904;512
00092.ppm;1051;355;1092;396
00093.ppm;986;387;1020;421
00093.ppm;989;391;1017;419
00096.ppm;308;648;338;678
00098.ppm;739;416;763;440
00099.ppm;729;417;753;441
00101.ppm;1044;398;1085;439
00103.ppm;1004;364;1038;398
00104.ppm;768;414;792;438
00105.ppm;958;348;986;376
00106.ppm;868;374;896;402
00107.ppm;911;388;939;416
00110.ppm;1089;208;1159;278
00112.ppm;934;363;983;412
00114.ppm;785;315;826;356
00116.ppm;826;341;867;382
00117.ppm;837;438;857;458
00119.ppm;933;392;967;426
00119.ppm;936;396;964;424
00120.ppm;738;432;754;448
00123.ppm;695;425;715;445
00129.ppm;538;492;566;520
00130.ppm;470;445;511;486
00130.ppm;1171;26;1212;67
00130.ppm;1056;521;1080;545
00133.ppm;511;431;539;459
00133.ppm;938;526;962;550
00133.ppm;938;524;968;554
00133.ppm;940;525;962;547
00134.ppm;1093;454;1163;524
00134.ppm;1100;460;1159;519
00140.ppm;1163;511;1212;560
00140.ppm;492;515;533;556
00140.ppm;1168;515;1209;556
00140.ppm;1168;515;1209;556
00140.ppm;495;519;529;553
00141.ppm;970;554;996;580
00141.ppm;443;561;467;585
00141.ppm;976;558;1000;582
00142.ppm;963;556;991;584
00142.ppm;336;566;364;594
00142.ppm;962;556;990;584
00142.ppm;1206;278;1226;298
00146.ppm;239;512;288;561
00146.ppm;1144;537;1185;578
00146.ppm;238;472;279;513
00146.ppm;1137;495;1178;536
00146.ppm;1139;501;1170;532
00148.ppm;363;269;390;296
00149.ppm;1157;547;1202;592
00149.ppm;304;553;345;594
00152.ppm;939;455;973;489
00153.ppm;836;213;858;235
00155.ppm;854;522;878;546
00155.ppm;698;407;713;422
00156.ppm;882;568;896;582
00157.ppm;211;659;225;673
00157.ppm;392;394;406;408
00158.ppm;381;549;409;577
00158.ppm;985;555;1013;583
00158.ppm;376;518;404;546
00158.ppm;982;524;1010;552
00158.ppm;984;526;1008;550
00158.ppm;986;527;1010;551
00158.ppm;1095;511;1111;527
00160.ppm;588;556;620;588
00160.ppm;1017;566;1046;595
00160.ppm;1024;544;1048;568
00160.ppm;594;562;616;584
00160.ppm;1024;569;1046;591
00160.ppm;1023;569;1045;591
00163.ppm;966;279;1002;315
00163.ppm;1147;484;1163;500
00166.ppm;256;499;290;533
00166.ppm;261;337;281;357
00167.ppm;1115;192;1171;248
00171.ppm;228;449;252;473
00173.ppm;880;517;900;537
00174.ppm;931;518;959;546
00174.ppm;933;520;957;544
00175.ppm;886;485;927;526
00176.ppm;865;510;889;534
00177.ppm;834;528;854;548
00180.ppm;384;560;443;619
00180.ppm;1174;581;1223;630
00180.ppm;1174;580;1223;629
00180.ppm;971;457;991;477
00185.ppm;331;193;362;224
00188.ppm;1017;522;1037;542
00189.ppm;1027;480;1052;505
00189.ppm;1031;484;1052;505
00190.ppm;882;426;918;462
00191.ppm;987;416;1057;486
00191.ppm;994;422;1053;481
00193.ppm;715;465;799;549
00194.ppm;835;442;936;543
00194.ppm;356;172;397;213
00194.ppm;180;564;208;592
00197.ppm;919;478;934;493
00198.ppm;789;549;803;563
00202.ppm;620;272;679;331
00202.ppm;438;487;456;505
00203.ppm;775;326;834;385
00203.ppm;778;239;827;288
00203.ppm;777;240;826;289
00204.ppm;113;555;147;589
00204.ppm;832;654;854;676
00204.ppm;275;397;297;419
00204.ppm;176;598;195;617
00205.ppm;1184;466;1202;484
00205.ppm;1261;532;1282;553
00205.ppm;1184;467;1199;482
00206.ppm;809;410;829;430
00213.ppm;1021;238;1066;283
00214.ppm;398;586;445;633
00214.ppm;1316;582;1346;612
00215.ppm;1242;316;1268;342
00215.ppm;1248;333;1270;355
00219.ppm;851;251;880;280
00221.ppm;334;444;354;464
00221.ppm;860;446;880;466
00221.ppm;336;446;354;464
00221.ppm;863;448;879;464
00224.ppm;791;380;898;487
00225.ppm;1082;380;1106;404
00225.ppm;1085;382;1105;402
00226.ppm;820;450;844;474
00226.ppm;1069;515;1085;531
00229.ppm;554;401;574;421
00231.ppm;977;374;1011;408
00232.ppm;1114;543;1133;562
00233.ppm;780;335;821;376
00233.ppm;782;339;816;373
00234.ppm;1131;272;1180;321
00234.ppm;1132;271;1181;320
00238.ppm;1070;386;1094;410
00238.ppm;445;421;469;445
00238.ppm;1071;385;1095;409
00238.ppm;1072;388;1092;408
00239.ppm;307;411;348;452
00239.ppm;1236;347;1277;388
00239.ppm;306;371;340;405
00239.ppm;1239;303;1273;337
00243.ppm;241;492;265;516
00243.ppm;333;493;349;509
00243.ppm;508;462;523;477
00246.ppm;378;387;406;415
00246.ppm;1096;353;1124;381
00246.ppm;1093;349;1129;385
00246.ppm;1184;562;1201;579
00246.ppm;949;459;963;473
00247.ppm;1144;393;1200;449
00247.ppm;1143;404;1161;422
00247.ppm;1150;409;1166;425
00248.ppm;523;431;583;491
00248.ppm;930;144;979;193
00248.ppm;947;349;981;383
00248.ppm;531;456;548;473
00250.ppm;975;376;1003;404
00250.ppm;1193;509;1217;533
00250.ppm;1195;512;1217;534
00251.ppm;1127;742;1181;796
00251.ppm;1095;316;1144;365
00251.ppm;1099;320;1140;361
00254.ppm;1191;261;1250;320
00257.ppm;902;557;917;572
00260.ppm;1089;153;1159;223
00262.ppm;283;422;367;506
00262.ppm;289;429;359;499
00262.ppm;296;433;355;492
00262.ppm;857;434;916;493
00262.ppm;294;433;354;493
00266.ppm;1004;401;1030;427
00267.ppm;1122;176;1169;223
00270.ppm;1030;441;1050;461
00270.ppm;572;459;588;475
00270.ppm;1032;443;1048;459
00270.ppm;1032;444;1048;460
00271.ppm;1275;386;1309;420
00271.ppm;379;413;407;441
00271.ppm;379;412;407;440
00271.ppm;1278;387;1306;415
00271.ppm;371;413;407;449
00272.ppm;938;407;972;441
00272.ppm;320;420;348;448
00272.ppm;941;411;969;439
00276.ppm;468;472;488;492
00276.ppm;778;480;794;496
00279.ppm;978;506;1032;560
00281.ppm;1131;562;1165;596
00281.ppm;482;550;510;578
00281.ppm;1134;565;1162;593
00281.ppm;1134;566;1162;594
00281.ppm;484;552;508;576
00282.ppm;251;551;310;610
00282.ppm;256;567;284;595
00284.ppm;855;477;889;511
00284.ppm;853;513;884;544
00284.ppm;857;481;885;509
00284.ppm;125;600;152;627
00286.ppm;816;540;838;562
00286.ppm;816;519;836;539
00286.ppm;1307;439;1331;463
00286.ppm;1228;425;1258;455
00286.ppm;1126;486;1142;502
00286.ppm;1080;483;1094;497
00286.ppm;1120;498;1135;513
00288.ppm;983;309;1057;383
00288.ppm;143;247;172;276
00288.ppm;1019;463;1041;485
00289.ppm;691;532;711;552
00290.ppm;1162;452;1177;467
00291.ppm;748;553;764;569
00291.ppm;838;449;854;465
00291.ppm;476;559;490;573
00291.ppm;749;554;763;568
00292.ppm;130;347;154;371
00292.ppm;1182;263;1209;290
00292.ppm;364;396;378;410
00294.ppm;1095;532;1129;566
00294.ppm;389;527;417;555
00294.ppm;388;528;416;556
00294.ppm;390;529;414;553
00295.ppm;195;485;236;526
00295.ppm;970;422;1011;463
00295.ppm;973;425;1007;459
00298.ppm;816;509;850;543
00298.ppm;324;508;352;536
00298.ppm;819;513;847;541
00298.ppm;821;515;845;539
