00005.ppm;167;511;205;549
00005.ppm;847;504;878;535
00009.ppm;310;514;341;545
00009.ppm;809;508;840;539
00013.ppm;479;548;510;579
00026.ppm;857;404;895;442
00057.ppm;993;403;1024;434
00086.ppm;378;441;409;472
00093.ppm;984;385;1022;423
00101.ppm;1041;398;1086;443
00107.ppm;905;383;943;421
00130.ppm;467;444;512;489
00130.ppm;1055;520;1081;546
00133.ppm;509;430;540;461
00133.ppm;937;525;963;551
00140.ppm;489;514;534;559
00140.ppm;1165;514;1210;559
00140.ppm;1165;514;1210;559
00142.ppm;960;556;991;587
00146.ppm;235;471;280;516
00155.ppm;853;521;879;547
00158.ppm;372;544;410;582
00158.ppm;372;513;410;551
00158.ppm;978;519;1016;557
00158.ppm;985;553;1020;588
00158.ppm;374;518;405;549
00158.ppm;980;522;1011;553
00160.ppm;1023;543;1049;569
00166.ppm;254;496;292;534
00174.ppm;929;517;960;548
00246.ppm;376;385;407;416
00271.ppm;377;411;408;442
00272.ppm;939;410;970;441
00276.ppm;467;471;489;493
00281.ppm;480;549;511;580
00284.ppm;855;480;886;511
00294.ppm;1093;530;1131;568
00294.ppm;389;528;415;554
00295.ppm;967;421;1012;466
00295.ppm;197;486;235;524
00298.ppm;814;507;852;545
00298.ppm;323;506;354;537
