00005.ppm;849;505;877;533
00009.ppm;312;515;340;543
00009.ppm;811;509;839;537
00013.ppm;481;549;509;577
00013.ppm;1134;566;1162;594
00021.ppm;785;448;805;468
00023.ppm;979;381;1028;430
00026.ppm;862;410;890;438
00034.ppm;528;372;569;413
00040.ppm;1110;359;1169;418
00045.ppm;1037;314;1086;363
00057.ppm;995;404;1023;432
00061.ppm;1142;404;1166;428
00064.ppm;850;439;878;467
00067.ppm;740;449;760;469
00068.ppm;1092;264;1162;334
00069.ppm;902;399;943;440
00070.ppm;1001;311;1060;370
00071.ppm;851;397;879;425
00074.ppm;719;374;747;402
00080.ppm;906;400;947;441
00086.ppm;380;442;408;470
00091.ppm;471;493;487;509
00091.ppm;887;496;903;512
00093.ppm;986;387;1020;421
00098.ppm;739;416;763;440
00099.ppm;729;417;753;441
00101.ppm;1044;399;1085;440
00103.ppm;1004;364;1038;398
00107.ppm;911;388;939;416
00112.ppm;934;363;983;412
00116.ppm;824;341;865;382
00117.ppm;837;438;857;458
00119.ppm;936;396;964;424
00130.ppm;470;445;511;486
00130.ppm;1056;520;1080;544
00133.ppm;511;431;539;459
00133.ppm;938;526;962;550
00140.ppm;492;515;533;556
00140.ppm;1168;515;1209;556
00142.ppm;962;556;990;584
00146.ppm;238;472;279;513
00149.ppm;304;554;345;595
00155.ppm;854;522;878;546
00158.ppm;985;557;1016;588
00158.ppm;982;524;1010;552
00174.ppm;931;518;959;546
00191.ppm;987;415;1057;485
00206.ppm;809;410;829;430
00221.ppm;335;444;355;464
00221.ppm;860;446;880;466
00231.ppm;977;374;1011;408
00233.ppm;782;339;816;373
00234.ppm;1132;271;1181;320
00238.ppm;1070;386;1094;410
00246.ppm;378;386;406;414
00246.ppm;1096;353;1124;381
00254.ppm;1191;261;1250;320
00260.ppm;1089;153;1159;223
00270.ppm;1032;443;1048;459
00271.ppm;1275;386;1309;420
00271.ppm;379;413;407;441
00272.ppm;941;410;969;438
00276.ppm;468;472;488;492
00281.ppm;482;550;510;578
00281.ppm;1134;566;1162;594
00282.ppm;252;551;311;610
00284.ppm;857;481;885;509
00286.ppm;816;519;836;539
00289.ppm;691;532;711;552
00291.ppm;749;554;763;568
00294.ppm;1095;532;1129;566
00294.ppm;390;529;414;553
00295.ppm;970;422;1011;463
