00001.ppm;90;455;139;504
00002.ppm;444;545;472;573
00003.ppm;366;448;415;497
00005.ppm;169;514;203;548
00005.ppm;846;501;880;535
00005.ppm;849;505;877;533
00005.ppm;849;505;877;533
00006.ppm;453;540;467;554
00009.ppm;312;515;340;543
00009.ppm;811;509;839;537
00009.ppm;314;517;338;541
00009.ppm;813;512;837;536
00010.ppm;916;554;936;574
00010.ppm;1261;406;1288;433
00010.ppm;1178;450;1196;468
00011.ppm;838;488;872;522
00011.ppm;843;524;871;552
00011.ppm;840;491;868;519
00013.ppm;1132;563;1166;597
00013.ppm;481;549;509;577
00013.ppm;1135;566;1163;594
00013.ppm;1134;566;1162;594
00015.ppm;389;574;411;596
00020.ppm;865;430;889;454
00021.ppm;782;445;806;469
00021.ppm;785;448;805;468
00023.ppm;979;381;1028;430
00024.ppm;820;465;844;489
00025.ppm;1045;387;1094;436
00026.ppm;862;410;890;438
00030.ppm;1225;321;1279;375
00031.ppm;801;481;829;509
00034.ppm;528;373;569;414
00035.ppm;825;423;866;464
00038.ppm;915;379;949;413
00040.ppm;1110;359;1169;418
00045.ppm;1037;314;1086;363
00046.ppm;824;420;848;444
00047.ppm;652;420;683;451
00051.ppm;801;406;850;455
00051.ppm;805;410;846;451
00054.ppm;451;476;475;500
00057.ppm;995;404;1023;432
00059.ppm;996;434;1030;468
00060.ppm;944;424;978;458
00061.ppm;1142;404;1166;428
00064.ppm;850;439;878;467
00065.ppm;559;474;575;490
00067.ppm;738;446;762;470
00067.ppm;740;448;760;468
00067.ppm;740;449;760;469
00068.ppm;1093;264;1163;334
00069.ppm;898;395;947;444
00069.ppm;902;399;943;440
00070.ppm;1001;309;1060;368
00071.ppm;851;398;879;426
00074.ppm;719;374;747;402
00080.ppm;906;400;947;441
00081.ppm;820;436;844;460
00083.ppm;890;451;914;475
00086.ppm;377;438;411;472
00086.ppm;380;442;408;470
00090.ppm;775;506;799;530
00091.ppm;469;492;489;512
00091.ppm;885;494;905;514
00091.ppm;471;493;487;509
00091.ppm;887;496;903;512
00092.ppm;1051;355;1092;396
00093.ppm;986;387;1020;421
00098.ppm;739;416;763;440
00099.ppm;729;417;753;441
00101.ppm;1044;399;1085;440
00103.ppm;1004;364;1038;398
00104.ppm;768;414;792;438
00105.ppm;955;344;989;378
00106.ppm;868;374;896;402
00107.ppm;911;388;939;416
00112.ppm;934;363;983;412
00114.ppm;795;319;829;353
00116.ppm;824;341;865;382
00117.ppm;835;435;859;459
00117.ppm;837;437;857;457
00119.ppm;933;392;967;426
00119.ppm;936;396;964;424
00120.ppm;738;432;754;448
00123.ppm;695;425;715;445
00129.ppm;538;492;566;520
00130.ppm;470;445;511;486
00130.ppm;1055;521;1079;545
00133.ppm;508;427;542;461
00133.ppm;936;524;964;552
00133.ppm;511;431;539;459
00133.ppm;938;526;962;550
00134.ppm;1100;460;1159;519
00140.ppm;1163;511;1212;560
00140.ppm;492;515;533;556
00140.ppm;1168;515;1209;556
00140.ppm;1168;515;1209;556
00141.ppm;443;561;467;585
00141.ppm;976;558;1000;582
00142.ppm;336;566;364;594
00142.ppm;336;566;364;594
00142.ppm;962;556;990;584
00146.ppm;235;513;284;562
00146.ppm;1140;532;1189;581
00146.ppm;1144;537;1185;578
00146.ppm;238;472;279;513
00146.ppm;1138;494;1179;535
00146.ppm;1141;498;1172;529
00149.ppm;1157;551;1202;596
00149.ppm;304;553;345;594
00149.ppm;1160;554;1194;588
00152.ppm;939;455;973;489
00155.ppm;855;522;879;546
00155.ppm;854;522;878;546
00158.ppm;375;546;409;580
00158.ppm;985;551;1019;585
00158.ppm;374;515;408;549
00158.ppm;980;521;1014;555
00158.ppm;380;549;408;577
00158.ppm;985;555;1013;583
00158.ppm;376;518;404;546
00158.ppm;982;524;1010;552
00158.ppm;986;526;1010;550
00158.ppm;986;527;1010;551
00160.ppm;590;559;619;588
00160.ppm;1021;565;1047;591
00160.ppm;1024;544;1048;568
00160.ppm;594;563;616;585
00160.ppm;1025;567;1047;589
00160.ppm;1021;566;1045;590
00166.ppm;256;499;290;533
00167.ppm;1111;187;1173;249
00173.ppm;878;515;902;539
00174.ppm;931;518;959;546
00175.ppm;886;486;927;527
00175.ppm;890;490;924;524
00176.ppm;863;508;891;536
00177.ppm;834;528;854;548
00180.ppm;383;561;442;620
00180.ppm;1174;580;1223;629
00189.ppm;1034;487;1048;501
00191.ppm;987;416;1057;486
00191.ppm;993;422;1052;481
00193.ppm;714;463;808;557
00198.ppm;788;548;804;564
00205.ppm;1263;538;1278;553
00206.ppm;809;410;829;430
00215.ppm;1242;316;1268;342
00221.ppm;858;444;882;468
00221.ppm;334;444;354;464
00221.ppm;860;446;880;466
00221.ppm;863;448;879;464
00225.ppm;1082;380;1106;404
00229.ppm;554;401;574;421
00231.ppm;977;374;1011;408
00233.ppm;779;335;820;376
00233.ppm;782;339;816;373
00234.ppm;1132;271;1181;320
00238.ppm;443;418;471;446
00238.ppm;1068;383;1096;411
00238.ppm;1070;386;1094;410
00238.ppm;1071;385;1095;409
00239.ppm;306;411;347;452
00239.ppm;1237;347;1278;388
00239.ppm;306;371;340;405
00239.ppm;1239;305;1273;339
00243.ppm;241;492;265;516
00246.ppm;375;384;409;418
00246.ppm;1093;350;1127;384
00246.ppm;1093;349;1127;383
00246.ppm;378;386;406;414
00246.ppm;1096;353;1124;381
00246.ppm;380;390;404;414
00248.ppm;526;430;580;484
00250.ppm;975;376;1003;404
00251.ppm;1099;320;1140;361
00254.ppm;1191;261;1250;320
00260.ppm;1089;153;1159;223
00262.ppm;291;431;358;498
00266.ppm;1003;399;1029;425
00270.ppm;569;457;589;477
00270.ppm;1030;441;1050;461
00270.ppm;1029;441;1049;461
00270.ppm;1032;443;1048;459
00270.ppm;1032;444;1048;460
00271.ppm;1275;386;1309;420
00271.ppm;379;413;407;441
00271.ppm;379;412;407;440
00271.ppm;372;407;408;443
00272.ppm;938;408;972;442
00272.ppm;321;421;349;449
00272.ppm;321;420;349;448
00272.ppm;941;411;969;439
00276.ppm;466;470;490;494
00276.ppm;776;478;796;498
00276.ppm;468;472;488;492
00276.ppm;776;478;796;498
00279.ppm;983;500;1037;554
00281.ppm;1131;562;1165;596
00281.ppm;482;550;510;578
00281.ppm;1134;565;1162;593
00281.ppm;1134;566;1162;594
00282.ppm;251;551;310;610
00284.ppm;852;511;890;549
00284.ppm;855;477;889;511
00284.ppm;857;481;885;509
00286.ppm;817;540;841;564
00286.ppm;814;517;838;541
00286.ppm;816;519;836;539
00286.ppm;816;519;836;539
00286.ppm;1229;427;1259;457
00289.ppm;691;532;711;552
00290.ppm;1172;489;1189;506
00291.ppm;475;559;491;575
00291.ppm;748;553;764;569
00291.ppm;749;554;763;568
00294.ppm;1095;532;1129;566
00294.ppm;389;528;417;556
00294.ppm;388;527;416;555
00294.ppm;390;530;414;554
00295.ppm;970;422;1011;463
00295.ppm;198;489;232;523
00295.ppm;199;488;233;522
00295.ppm;973;425;1007;459
00298.ppm;816;509;850;543
00298.ppm;325;506;353;534
00298.ppm;324;507;352;535
00298.ppm;326;509;350;533
